174
100-DW-OBP1-4_h1  0.0000000 0.0042239 0.0000010 0.0048354 0.0004480 0.0004480 0.0055573 0.0057324 0.0055570 0.0062169 0.0055573 0.0092458 0.0041096 0.0062169 0.0056613 0.0049145 0.0009356 0.0063315 0.0074998 0.0070266 0.0048354 0.0048354 0.0055570 0.0042939 0.0049199 0.0009229 0.0034854 0.0030583 0.0036919 0.0036344 0.0042941 0.0054636 0.0072524 0.0072454 0.0137992 0.0068853 0.0055634 0.0072524 0.0070266 0.0056613 0.0063315 0.0055573 0.0100996 0.0049145 0.0077287 0.0048354 0.0013778 0.0074998 0.0050021 0.0004590 0.0077287 0.0009035 0.0133687 0.0049199 0.0063318 0.0055567 0.0065335 0.0055570 0.0108702 0.0124688 0.0079801 0.0104941 0.0056613 0.0042944 0.0055570 0.0091983 0.0042944 0.0102421 0.0036302 0.0054636 0.0055634 0.0055570 0.0049199 0.0036344 0.0063318 0.0049193 0.0042287 0.0062166 0.0064012 0.0042195 0.0042933 0.0049145 0.0018910 0.0079348 0.0013928 0.0095852 0.0042933 0.0026056 0.0009024 0.0064012 0.0013943 0.0079438 0.0024063 0.0018910 0.0095852 0.0018910 0.0013928 0.0042896 0.0055573 0.0106870 0.0124688 0.0113353 0.0124688 0.0091998 0.0036344 0.0048702 0.0072899 0.0113353 0.0128611 0.0098086 0.0108698 0.0106877 0.0013943 0.0068849 0.0036909 0.0048354 0.0030617 0.0031909 0.0004481 0.0054633 0.0004481 0.0036919 0.0084525 0.0072437 0.0044888 0.0092342 0.0079801 0.0042939 0.0055567 0.0054633 0.0108597 0.0124688 0.0042290 0.0065335 0.0042287 0.0050671 0.0009035 0.0004435 0.0049145 0.0079870 0.0078322 0.0089285 0.0100996 0.0009125 0.0056547 0.0014464 0.0048354 0.0009125 0.0098157 0.0070270 0.0064150 0.0062104 0.0060252 0.0064085 0.0115674 0.0025038 0.0049190 0.0078322 0.0065343 0.0057324 0.0072437 0.0026031 0.0072601 0.0014464 0.0068849 0.0108597 0.0108600 0.0064085 0.0081638 0.0072519 0.0004589 0.0014451 0.0004435 0.0092448 
100-DW-OBP1-4_h2  0.0042239 0.0000000 0.0042239 0.0014108 0.0049136 0.0049136 0.0009134 0.0055573 0.0041743 0.0047802 0.0009134 0.0057314 0.0019657 0.0047802 0.0042427 0.0013955 0.0029357 0.0048568 0.0072519 0.0054945 0.0035366 0.0035366 0.0041743 0.0030204 0.0035907 0.0056547 0.0014299 0.0029810 0.0024069 0.0024385 0.0030206 0.0041132 0.0056610 0.0056554 0.0132968 0.0018927 0.0041791 0.0056610 0.0054945 0.0042427 0.0048568 0.0041745 0.0097357 0.0013955 0.0024379 0.0004438 0.0025025 0.0072519 0.0024384 0.0050611 0.0024379 0.0042287 0.0128986 0.0035907 0.0014107 0.0041741 0.0014462 0.0041743 0.0105127 0.0120303 0.0063326 0.0086284 0.0019149 0.0018931 0.0041743 0.0088699 0.0018931 0.0099251 0.0024358 0.0041132 0.0041791 0.0030172 0.0013943 0.0024385 0.0014107 0.0024687 0.0019150 0.0035863 0.0049136 0.0029804 0.0009124 0.0013955 0.0019403 0.0076561 0.0024703 0.0092448 0.0009124 0.0049091 0.0042231 0.0049136 0.0024680 0.0076646 0.0024702 0.0031026 0.0092448 0.0019403 0.0024703 0.0018948 0.0041745 0.0103133 0.0120303 0.0109073 0.0120303 0.0088713 0.0035406 0.0052482 0.0062720 0.0109073 0.0123925 0.0094675 0.0105123 0.0103139 0.0024680 0.0041783 0.0013928 0.0004438 0.0029782 0.0042846 0.0035791 0.0029775 0.0049142 0.0024069 0.0081629 0.0056541 0.0043625 0.0089333 0.0063326 0.0030204 0.0041741 0.0041130 0.0105025 0.0120303 0.0029810 0.0063387 0.0019150 0.0036912 0.0042287 0.0036335 0.0013955 0.0063383 0.0075742 0.0071686 0.0097357 0.0055503 0.0009227 0.0035335 0.0014108 0.0055507 0.0065388 0.0029775 0.0062169 0.0013940 0.0072507 0.0049193 0.0111617 0.0035375 0.0013940 0.0075742 0.0050024 0.0055573 0.0056541 0.0068875 0.0042241 0.0035335 0.0018926 0.0105025 0.0105029 0.0049193 0.0079082 0.0056606 0.0050605 0.0051548 0.0048299 0.0089265 
101-DW-OBP1-5_h1  0.0000010 0.0042239 0.0000000 0.0048354 0.0004480 0.0004480 0.0055573 0.0057324 0.0055570 0.0062169 0.0055573 0.0092458 0.0041096 0.0062169 0.0056613 0.0049145 0.0009356 0.0063315 0.0074998 0.0070266 0.0048354 0.0048354 0.0055570 0.0042939 0.0049199 0.0009229 0.0034854 0.0030583 0.0036919 0.0036344 0.0042941 0.0054636 0.0072524 0.0072454 0.0137992 0.0068853 0.0055634 0.0072524 0.0070266 0.0056613 0.0063315 0.0055573 0.0100996 0.0049145 0.0077287 0.0048354 0.0013778 0.0074998 0.0050021 0.0004590 0.0077287 0.0009035 0.0133687 0.0049199 0.0063318 0.0055567 0.0065335 0.0055570 0.0108702 0.0124688 0.0079801 0.0104941 0.0056613 0.0042944 0.0055570 0.0091983 0.0042944 0.0102421 0.0036302 0.0054636 0.0055634 0.0055570 0.0049199 0.0036344 0.0063318 0.0049193 0.0042287 0.0062166 0.0064012 0.0042195 0.0042933 0.0049145 0.0018910 0.0079348 0.0013928 0.0095852 0.0042933 0.0026056 0.0009024 0.0064012 0.0013943 0.0079438 0.0024063 0.0018910 0.0095852 0.0018910 0.0013928 0.0042896 0.0055573 0.0106870 0.0124688 0.0113353 0.0124688 0.0091998 0.0036344 0.0048702 0.0072899 0.0113353 0.0128611 0.0098086 0.0108698 0.0106877 0.0013943 0.0068849 0.0036909 0.0048354 0.0030617 0.0031909 0.0004481 0.0054633 0.0004481 0.0036919 0.0084525 0.0072437 0.0044888 0.0092342 0.0079801 0.0042939 0.0055567 0.0054633 0.0108597 0.0124688 0.0042290 0.0065335 0.0042287 0.0050671 0.0009035 0.0004435 0.0049145 0.0079870 0.0078322 0.0089285 0.0100996 0.0009125 0.0056547 0.0014464 0.0048354 0.0009125 0.0098157 0.0070270 0.0064150 0.0062104 0.0060252 0.0064085 0.0115674 0.0025038 0.0049190 0.0078322 0.0065343 0.0057324 0.0072437 0.0026031 0.0072601 0.0014464 0.0068849 0.0108597 0.0108600 0.0064085 0.0081638 0.0072519 0.0004589 0.0014451 0.0004435 0.0092448 
105-DW-OBP1-9_h2  0.0048354 0.0014108 0.0048354 0.0000000 0.0055567 0.0055567 0.0004480 0.0035795 0.0024064 0.0029386 0.0004480 0.0050665 0.0014462 0.0029386 0.0024385 0.0009135 0.0034854 0.0029775 0.0049771 0.0035366 0.0018697 0.0018697 0.0024064 0.0013942 0.0018932 0.0048354 0.0019896 0.0013794 0.0018916 0.0009034 0.0013943 0.0023778 0.0036341 0.0048359 0.0117043 0.0013942 0.0024090 0.0036341 0.0035366 0.0024385 0.0029775 0.0024065 0.0084527 0.0009135 0.0019148 0.0009228 0.0030603 0.0049771 0.0019151 0.0057261 0.0019148 0.0036344 0.0113927 0.0018932 0.0009228 0.0024063 0.0009455 0.0034886 0.0092759 0.0105954 0.0042246 0.0075671 0.0014096 0.0013944 0.0034886 0.0076634 0.0013944 0.0074214 0.0018697 0.0023778 0.0024090 0.0013928 0.0009127 0.0009034 0.0009228 0.0009126 0.0004435 0.0018910 0.0030139 0.0013792 0.0013941 0.0009135 0.0036902 0.0052172 0.0042976 0.0066124 0.0013941 0.0041574 0.0048345 0.0030139 0.0042933 0.0052232 0.0042973 0.0024704 0.0066124 0.0036902 0.0042976 0.0013957 0.0024065 0.0090199 0.0105954 0.0094763 0.0105954 0.0076647 0.0018717 0.0050678 0.0053180 0.0094763 0.0108779 0.0082448 0.0078130 0.0074839 0.0042933 0.0024086 0.0018912 0.0009228 0.0013782 0.0035756 0.0055573 0.0013779 0.0055573 0.0018916 0.0057264 0.0036297 0.0036348 0.0064060 0.0042246 0.0013942 0.0024063 0.0023776 0.0092665 0.0105954 0.0013794 0.0042287 0.0004435 0.0019411 0.0036344 0.0042279 0.0009135 0.0042284 0.0065404 0.0049145 0.0084527 0.0062096 0.0014108 0.0028992 0.0000010 0.0062100 0.0043497 0.0024360 0.0041616 0.0009125 0.0065320 0.0030173 0.0097980 0.0018702 0.0009125 0.0065404 0.0042292 0.0035795 0.0036297 0.0059053 0.0036307 0.0028992 0.0013941 0.0092665 0.0092669 0.0030173 0.0055637 0.0036339 0.0057254 0.0043505 0.0054575 0.0064008 
107-DW-OBP1-12_h2 0.0004480 0.0049136 0.0004480 0.0055567 0.0000000 0.0000010 0.0063318 0.0065400 0.0063315 0.0070266 0.0063318 0.0103231 0.0047757 0.0070266 0.0049193 0.0056551 0.0014462 0.0055564 0.0084516 0.0062162 0.0055567 0.0055567 0.0063315 0.0036339 0.0056613 0.0004480 0.0041091 0.0036873 0.0043671 0.0042939 0.0050017 0.0062166 0.0081626 0.0081548 0.0124678 0.0077287 0.0063387 0.0081626 0.0062162 0.0049193 0.0055564 0.0063319 0.0089641 0.0056551 0.0086370 0.0055567 0.0018908 0.0084516 0.0042939 0.0009455 0.0086370 0.0013944 0.0147460 0.0056613 0.0055567 0.0048348 0.0074045 0.0063315 0.0120317 0.0137992 0.0089285 0.0094699 0.0049193 0.0050021 0.0063315 0.0103886 0.0050021 0.0113026 0.0042889 0.0062166 0.0063387 0.0063315 0.0056613 0.0042939 0.0055567 0.0042282 0.0049193 0.0070262 0.0072437 0.0049085 0.0050008 0.0056551 0.0024357 0.0089724 0.0019129 0.0107156 0.0050008 0.0032372 0.0013926 0.0072437 0.0019149 0.0089822 0.0029773 0.0024357 0.0107156 0.0024357 0.0019129 0.0049965 0.0063319 0.0119219 0.0137992 0.0100870 0.0137992 0.0103902 0.0042939 0.0057146 0.0083197 0.0100870 0.0115764 0.0109927 0.0120314 0.0119226 0.0019149 0.0077283 0.0043660 0.0055567 0.0036914 0.0038561 0.0009229 0.0062162 0.0009229 0.0043671 0.0094868 0.0064005 0.0052421 0.0082421 0.0089285 0.0036339 0.0048348 0.0062162 0.0120210 0.0137992 0.0049196 0.0074046 0.0049193 0.0058374 0.0013944 0.0009125 0.0056551 0.0089360 0.0088624 0.0079792 0.0089641 0.0004435 0.0049136 0.0019898 0.0055567 0.0014094 0.0108868 0.0078992 0.0072593 0.0070192 0.0052219 0.0072519 0.0128511 0.0031038 0.0056603 0.0088624 0.0074054 0.0065400 0.0064005 0.0032339 0.0081710 0.0019898 0.0077282 0.0120210 0.0120214 0.0072519 0.0091506 0.0081621 0.0009454 0.0019879 0.0009125 0.0082520 
108-DW-OBP1-13_h2 0.0004480 0.0049136 0.0004480 0.0055567 0.0000010 0.0000000 0.0063318 0.0065400 0.0063315 0.0070266 0.0063318 0.0103231 0.0047757 0.0070266 0.0049193 0.0056551 0.0014462 0.0055564 0.0084516 0.0062162 0.0055567 0.0055567 0.0063315 0.0036339 0.0056613 0.0004480 0.0041091 0.0036873 0.0043671 0.0042939 0.0050017 0.0062166 0.0081626 0.0081548 0.0124678 0.0077287 0.0063387 0.0081626 0.0062162 0.0049193 0.0055564 0.0063319 0.0089641 0.0056551 0.0086370 0.0055567 0.0018908 0.0084516 0.0042939 0.0009455 0.0086370 0.0013944 0.0147460 0.0056613 0.0055567 0.0048348 0.0074045 0.0063315 0.0120317 0.0137992 0.0089285 0.0094699 0.0049193 0.0050021 0.0063315 0.0103886 0.0050021 0.0113026 0.0042889 0.0062166 0.0063387 0.0063315 0.0056613 0.0042939 0.0055567 0.0042282 0.0049193 0.0070262 0.0072437 0.0049085 0.0050008 0.0056551 0.0024357 0.0089724 0.0019129 0.0107156 0.0050008 0.0032372 0.0013926 0.0072437 0.0019149 0.0089822 0.0029773 0.0024357 0.0107156 0.0024357 0.0019129 0.0049965 0.0063319 0.0119219 0.0137992 0.0100870 0.0137992 0.0103902 0.0042939 0.0057146 0.0083197 0.0100870 0.0115764 0.0109927 0.0120314 0.0119226 0.0019149 0.0077283 0.0043660 0.0055567 0.0036914 0.0038561 0.0009229 0.0062162 0.0009229 0.0043671 0.0094868 0.0064005 0.0052421 0.0082421 0.0089285 0.0036339 0.0048348 0.0062162 0.0120210 0.0137992 0.0049196 0.0074046 0.0049193 0.0058374 0.0013944 0.0009125 0.0056551 0.0089360 0.0088624 0.0079792 0.0089641 0.0004435 0.0049136 0.0019898 0.0055567 0.0014094 0.0108868 0.0078992 0.0072593 0.0070192 0.0052219 0.0072519 0.0128511 0.0031038 0.0056603 0.0088624 0.0074054 0.0065400 0.0064005 0.0032339 0.0081710 0.0019898 0.0077282 0.0120210 0.0120214 0.0072519 0.0091506 0.0081621 0.0009454 0.0019879 0.0009125 0.0082520 
109-DW-OBP1-14_h1 0.0055573 0.0009134 0.0055573 0.0004480 0.0063318 0.0063318 0.0000000 0.0042246 0.0029778 0.0035371 0.0000010 0.0043502 0.0009355 0.0035371 0.0030208 0.0004439 0.0041096 0.0035866 0.0057264 0.0041745 0.0024066 0.0024066 0.0029778 0.0019151 0.0024388 0.0055573 0.0014461 0.0018933 0.0013783 0.0013944 0.0019152 0.0029388 0.0042941 0.0055580 0.0129079 0.0009033 0.0029812 0.0042941 0.0041745 0.0030208 0.0035866 0.0029780 0.0094879 0.0004439 0.0013941 0.0004480 0.0036902 0.0057264 0.0013943 0.0065335 0.0013941 0.0042944 0.0125402 0.0024388 0.0004480 0.0029777 0.0004590 0.0041134 0.0102602 0.0117053 0.0049151 0.0084438 0.0009126 0.0009035 0.0041134 0.0086539 0.0009035 0.0082697 0.0024066 0.0029388 0.0029812 0.0019131 0.0004436 0.0013944 0.0004480 0.0014096 0.0009127 0.0024360 0.0036302 0.0018930 0.0009033 0.0004439 0.0030605 0.0060197 0.0036372 0.0074916 0.0009033 0.0048310 0.0055564 0.0036302 0.0036337 0.0060267 0.0036370 0.0030607 0.0074916 0.0030605 0.0036372 0.0009043 0.0029780 0.0100523 0.0117053 0.0106046 0.0117053 0.0086553 0.0024092 0.0058388 0.0061464 0.0106046 0.0120406 0.0092370 0.0087275 0.0084352 0.0036337 0.0029806 0.0013780 0.0004480 0.0018916 0.0042200 0.0048357 0.0018912 0.0063326 0.0013783 0.0065339 0.0042888 0.0042949 0.0072499 0.0049151 0.0019151 0.0029777 0.0029386 0.0102503 0.0117053 0.0018933 0.0049199 0.0009127 0.0025036 0.0042944 0.0049190 0.0004439 0.0049196 0.0074131 0.0056557 0.0094879 0.0070192 0.0009134 0.0034858 0.0004480 0.0070196 0.0050662 0.0018912 0.0048360 0.0004435 0.0074037 0.0036344 0.0108694 0.0024072 0.0004435 0.0074131 0.0049205 0.0042246 0.0042888 0.0067470 0.0030145 0.0034858 0.0009033 0.0102503 0.0102507 0.0036344 0.0063398 0.0042939 0.0065327 0.0050672 0.0062104 0.0072441 
109-DW-OBP1-14_h2 0.0057324 0.0055573 0.0057324 0.0035795 0.0065400 0.0065400 0.0042246 0.0000000 0.0019641 0.0025034 0.0042246 0.0019643 0.0057264 0.0025034 0.0042944 0.0036309 0.0042290 0.0025357 0.0009357 0.0031033 0.0014288 0.0014288 0.0019641 0.0030583 0.0036348 0.0057324 0.0065331 0.0030179 0.0025041 0.0024689 0.0030585 0.0019411 0.0031912 0.0044209 0.0133781 0.0042287 0.0030585 0.0031912 0.0031033 0.0042944 0.0025357 0.0030614 0.0098299 0.0036309 0.0062107 0.0049145 0.0078126 0.0009357 0.0036878 0.0048412 0.0062107 0.0044257 0.0112596 0.0036348 0.0049145 0.0019640 0.0034860 0.0030613 0.0105977 0.0121158 0.0037942 0.0087107 0.0042944 0.0030587 0.0030613 0.0089633 0.0030587 0.0085235 0.0035795 0.0019411 0.0030585 0.0042244 0.0036348 0.0024689 0.0049145 0.0036344 0.0030177 0.0048357 0.0013781 0.0041574 0.0054581 0.0048362 0.0087270 0.0009693 0.0079787 0.0020187 0.0054581 0.0034394 0.0057314 0.0013781 0.0079870 0.0020169 0.0094876 0.0069628 0.0020187 0.0087270 0.0079787 0.0042249 0.0030614 0.0104040 0.0121158 0.0110034 0.0121158 0.0089647 0.0024689 0.0069842 0.0071284 0.0110034 0.0124793 0.0095586 0.0090123 0.0104046 0.0079870 0.0030579 0.0048360 0.0049145 0.0019414 0.0028993 0.0065407 0.0041616 0.0065407 0.0025041 0.0014466 0.0018911 0.0057278 0.0046306 0.0037942 0.0030583 0.0019640 0.0009347 0.0105875 0.0121158 0.0030179 0.0037980 0.0030177 0.0023784 0.0044257 0.0064081 0.0048362 0.0037978 0.0076579 0.0044934 0.0098299 0.0072515 0.0055573 0.0035835 0.0035795 0.0072519 0.0024709 0.0055577 0.0004440 0.0036342 0.0047238 0.0025714 0.0112506 0.0024717 0.0048307 0.0076579 0.0050627 0.0000010 0.0018911 0.0049829 0.0018953 0.0035835 0.0054581 0.0105875 0.0105879 0.0025714 0.0065346 0.0020420 0.0067538 0.0052296 0.0064081 0.0019640 
10-DW-Tar5_h1     0.0055570 0.0041743 0.0055570 0.0024064 0.0063315 0.0063315 0.0029778 0.0019641 0.0000000 0.0004439 0.0029778 0.0032408 0.0042936 0.0004439 0.0018929 0.0024361 0.0041093 0.0004479 0.0031909 0.0009133 0.0004480 0.0004480 0.0000010 0.0019150 0.0013793 0.0055570 0.0050011 0.0018932 0.0024366 0.0013943 0.0009033 0.0009134 0.0009355 0.0019409 0.0129076 0.0029806 0.0009033 0.0009355 0.0009133 0.0018929 0.0004479 0.0009041 0.0094875 0.0024361 0.0047751 0.0035866 0.0062156 0.0031909 0.0035833 0.0065331 0.0047751 0.0042941 0.0108778 0.0013793 0.0035866 0.0009228 0.0036873 0.0009041 0.0102598 0.0117049 0.0014288 0.0084435 0.0030206 0.0019152 0.0009041 0.0086535 0.0019152 0.0082693 0.0024064 0.0009134 0.0009033 0.0029776 0.0035337 0.0013943 0.0035866 0.0024384 0.0018931 0.0035366 0.0014446 0.0029355 0.0041088 0.0035371 0.0070258 0.0033331 0.0063311 0.0046367 0.0041088 0.0048307 0.0042973 0.0014446 0.0077287 0.0046321 0.0077353 0.0054627 0.0046367 0.0070258 0.0063311 0.0029780 0.0009041 0.0100519 0.0117049 0.0106042 0.0117049 0.0086549 0.0024090 0.0058385 0.0068954 0.0106042 0.0120403 0.0092366 0.0087272 0.0084348 0.0077287 0.0009032 0.0035368 0.0035866 0.0018915 0.0042198 0.0063322 0.0029384 0.0063322 0.0024366 0.0038566 0.0019874 0.0030177 0.0044958 0.0014288 0.0019150 0.0009228 0.0009133 0.0102499 0.0117049 0.0018932 0.0014301 0.0018931 0.0036306 0.0042941 0.0049187 0.0035371 0.0014300 0.0074127 0.0019640 0.0094875 0.0070188 0.0041743 0.0034856 0.0024064 0.0070192 0.0038009 0.0041745 0.0025033 0.0024382 0.0045727 0.0014463 0.0108690 0.0024070 0.0035331 0.0074127 0.0024687 0.0019641 0.0019874 0.0067466 0.0031036 0.0034856 0.0041088 0.0102499 0.0102503 0.0014463 0.0063394 0.0009354 0.0065324 0.0050668 0.0062100 0.0044920 
10-DW-Tar5_h2     0.0062169 0.0047802 0.0062169 0.0029386 0.0070266 0.0070266 0.0035371 0.0025034 0.0004439 0.0000000 0.0035371 0.0038606 0.0049193 0.0000010 0.0013942 0.0029780 0.0047021 0.0009133 0.0037976 0.0004479 0.0009134 0.0009134 0.0004439 0.0024385 0.0009034 0.0062169 0.0056606 0.0024092 0.0029786 0.0018932 0.0013793 0.0004480 0.0004589 0.0014288 0.0137932 0.0024383 0.0004435 0.0004589 0.0004479 0.0013942 0.0009133 0.0004439 0.0103343 0.0029780 0.0053977 0.0041745 0.0068909 0.0037976 0.0041708 0.0072524 0.0053977 0.0049199 0.0100512 0.0009034 0.0041745 0.0014107 0.0042941 0.0004439 0.0094887 0.0125490 0.0009347 0.0091790 0.0035907 0.0024388 0.0004439 0.0094857 0.0024388 0.0089825 0.0029386 0.0004480 0.0004435 0.0035368 0.0041098 0.0018932 0.0041745 0.0029808 0.0024090 0.0041132 0.0019638 0.0034851 0.0047016 0.0041137 0.0077358 0.0039733 0.0070262 0.0053232 0.0047016 0.0054584 0.0049235 0.0019638 0.0084522 0.0053180 0.0084592 0.0061064 0.0053232 0.0077358 0.0070262 0.0035373 0.0004439 0.0108791 0.0125490 0.0114979 0.0125490 0.0094871 0.0029418 0.0065415 0.0076652 0.0114979 0.0129176 0.0100525 0.0094883 0.0092372 0.0084522 0.0004434 0.0041134 0.0041745 0.0024070 0.0048307 0.0070274 0.0034886 0.0070274 0.0029786 0.0044981 0.0025353 0.0035835 0.0051585 0.0009347 0.0024385 0.0014107 0.0013955 0.0110304 0.0125490 0.0013944 0.0009356 0.0024090 0.0042246 0.0049199 0.0055624 0.0041137 0.0009355 0.0081716 0.0014448 0.0103343 0.0077283 0.0047802 0.0040508 0.0029386 0.0077287 0.0044290 0.0047805 0.0030613 0.0029806 0.0052520 0.0009455 0.0117056 0.0029393 0.0041091 0.0081716 0.0019392 0.0025034 0.0025353 0.0074922 0.0036914 0.0040508 0.0047016 0.0110304 0.0110308 0.0009455 0.0070352 0.0014300 0.0072516 0.0057324 0.0068849 0.0051542 
112-DW-OBP1-18_h1 0.0055573 0.0009134 0.0055573 0.0004480 0.0063318 0.0063318 0.0000010 0.0042246 0.0029778 0.0035371 0.0000000 0.0043502 0.0009355 0.0035371 0.0030208 0.0004439 0.0041096 0.0035866 0.0057264 0.0041745 0.0024066 0.0024066 0.0029778 0.0019151 0.0024388 0.0055573 0.0014461 0.0018933 0.0013783 0.0013944 0.0019152 0.0029388 0.0042941 0.0055580 0.0129079 0.0009033 0.0029812 0.0042941 0.0041745 0.0030208 0.0035866 0.0029780 0.0094879 0.0004439 0.0013941 0.0004480 0.0036902 0.0057264 0.0013943 0.0065335 0.0013941 0.0042944 0.0125402 0.0024388 0.0004480 0.0029777 0.0004590 0.0041134 0.0102602 0.0117053 0.0049151 0.0084438 0.0009126 0.0009035 0.0041134 0.0086539 0.0009035 0.0082697 0.0024066 0.0029388 0.0029812 0.0019131 0.0004436 0.0013944 0.0004480 0.0014096 0.0009127 0.0024360 0.0036302 0.0018930 0.0009033 0.0004439 0.0030605 0.0060197 0.0036372 0.0074916 0.0009033 0.0048310 0.0055564 0.0036302 0.0036337 0.0060267 0.0036370 0.0030607 0.0074916 0.0030605 0.0036372 0.0009043 0.0029780 0.0100523 0.0117053 0.0106046 0.0117053 0.0086553 0.0024092 0.0058388 0.0061464 0.0106046 0.0120406 0.0092370 0.0087275 0.0084352 0.0036337 0.0029806 0.0013780 0.0004480 0.0018916 0.0042200 0.0048357 0.0018912 0.0063326 0.0013783 0.0065339 0.0042888 0.0042949 0.0072499 0.0049151 0.0019151 0.0029777 0.0029386 0.0102503 0.0117053 0.0018933 0.0049199 0.0009127 0.0025036 0.0042944 0.0049190 0.0004439 0.0049196 0.0074131 0.0056557 0.0094879 0.0070192 0.0009134 0.0034858 0.0004480 0.0070196 0.0050662 0.0018912 0.0048360 0.0004435 0.0074037 0.0036344 0.0108694 0.0024072 0.0004435 0.0074131 0.0049205 0.0042246 0.0042888 0.0067470 0.0030145 0.0034858 0.0009033 0.0102503 0.0102507 0.0036344 0.0063398 0.0042939 0.0065327 0.0050672 0.0062104 0.0072441 
116-DW-AnB-1_h2   0.0092458 0.0057314 0.0092458 0.0050665 0.0103231 0.0103231 0.0043502 0.0019643 0.0032408 0.0038606 0.0043502 0.0000000 0.0059113 0.0038606 0.0059557 0.0037369 0.0072523 0.0039216 0.0009127 0.0045784 0.0026083 0.0026083 0.0032408 0.0044978 0.0051611 0.0092458 0.0067530 0.0044254 0.0037376 0.0037978 0.0044981 0.0031943 0.0047244 0.0061533 0.0169314 0.0043546 0.0044981 0.0047244 0.0045784 0.0059557 0.0039216 0.0045027 0.0128402 0.0037369 0.0064074 0.0050662 0.0100599 0.0009127 0.0050615 0.0079873 0.0064074 0.0076655 0.0143652 0.0051611 0.0050662 0.0032406 0.0035831 0.0045024 0.0133975 0.0153441 0.0054250 0.0111621 0.0044248 0.0031463 0.0045024 0.0118279 0.0031463 0.0108698 0.0050665 0.0031943 0.0044981 0.0058371 0.0049775 0.0037978 0.0050662 0.0051604 0.0044251 0.0065396 0.0025031 0.0057257 0.0056251 0.0049824 0.0090274 0.0033334 0.0082520 0.0033332 0.0056251 0.0061017 0.0076714 0.0025031 0.0098070 0.0033299 0.0098148 0.0090279 0.0033332 0.0090274 0.0082520 0.0043505 0.0045027 0.0133839 0.0153441 0.0143467 0.0153441 0.0118295 0.0037978 0.0098400 0.0095739 0.0143467 0.0159008 0.0124091 0.0115878 0.0133847 0.0098070 0.0044972 0.0049821 0.0050662 0.0044209 0.0054584 0.0082533 0.0057317 0.0103241 0.0037376 0.0014099 0.0031030 0.0076665 0.0064984 0.0054250 0.0044978 0.0032406 0.0020439 0.0133871 0.0153441 0.0044254 0.0054309 0.0044251 0.0048362 0.0076655 0.0084512 0.0049824 0.0054305 0.0101096 0.0062796 0.0128402 0.0111715 0.0057314 0.0064088 0.0050665 0.0111722 0.0013956 0.0057317 0.0014450 0.0037403 0.0083373 0.0039781 0.0143563 0.0050678 0.0049766 0.0101096 0.0068966 0.0019643 0.0031030 0.0082538 0.0019411 0.0064088 0.0056251 0.0133871 0.0133874 0.0039781 0.0086561 0.0033886 0.0107065 0.0087532 0.0100518 0.0019132 
119-DW-AnB-4_h2   0.0041096 0.0019657 0.0041096 0.0014462 0.0047757 0.0047757 0.0009355 0.0057264 0.0042936 0.0049193 0.0009355 0.0059113 0.0000000 0.0049193 0.0043666 0.0014302 0.0055573 0.0050011 0.0074920 0.0056606 0.0036339 0.0036339 0.0042936 0.0031034 0.0036914 0.0041096 0.0004480 0.0030615 0.0024690 0.0025035 0.0031036 0.0042285 0.0058374 0.0072527 0.0157221 0.0019407 0.0042986 0.0058374 0.0056606 0.0043666 0.0050011 0.0042939 0.0119540 0.0014302 0.0025028 0.0014461 0.0024381 0.0074920 0.0025033 0.0049148 0.0025028 0.0029784 0.0152121 0.0036914 0.0014461 0.0042933 0.0014834 0.0055627 0.0125588 0.0143011 0.0065339 0.0105029 0.0019640 0.0019411 0.0055627 0.0110225 0.0019411 0.0102507 0.0036339 0.0042285 0.0042986 0.0030999 0.0014289 0.0025035 0.0014461 0.0025357 0.0019641 0.0036868 0.0050608 0.0030609 0.0019406 0.0014302 0.0018928 0.0079263 0.0024086 0.0095759 0.0019406 0.0064019 0.0041088 0.0050608 0.0024064 0.0079352 0.0024085 0.0018929 0.0095759 0.0018928 0.0024086 0.0019429 0.0042939 0.0124888 0.0143011 0.0132974 0.0143011 0.0110240 0.0036381 0.0076664 0.0081261 0.0132974 0.0147720 0.0115878 0.0108789 0.0106974 0.0024064 0.0042978 0.0024683 0.0014461 0.0030585 0.0057201 0.0034856 0.0030578 0.0047763 0.0024690 0.0084440 0.0058302 0.0058385 0.0092430 0.0065339 0.0031034 0.0042933 0.0042282 0.0125487 0.0143011 0.0030615 0.0065404 0.0019641 0.0037978 0.0029784 0.0035369 0.0014302 0.0065400 0.0094873 0.0074050 0.0119540 0.0053922 0.0019657 0.0048360 0.0014462 0.0053926 0.0067530 0.0030578 0.0064085 0.0014286 0.0094761 0.0050668 0.0133871 0.0036348 0.0014286 0.0094873 0.0065411 0.0057264 0.0058302 0.0050618 0.0043459 0.0048360 0.0019406 0.0125487 0.0125490 0.0050668 0.0081719 0.0058371 0.0049142 0.0036346 0.0046972 0.0092359 
11-DW-Tar6_h1     0.0062169 0.0047802 0.0062169 0.0029386 0.0070266 0.0070266 0.0035371 0.0025034 0.0004439 0.0000010 0.0035371 0.0038606 0.0049193 0.0000000 0.0013942 0.0029780 0.0047021 0.0009133 0.0037976 0.0004479 0.0009134 0.0009134 0.0004439 0.0024385 0.0009034 0.0062169 0.0056606 0.0024092 0.0029786 0.0018932 0.0013793 0.0004480 0.0004589 0.0014288 0.0137932 0.0024383 0.0004435 0.0004589 0.0004479 0.0013942 0.0009133 0.0004439 0.0103343 0.0029780 0.0053977 0.0041745 0.0068909 0.0037976 0.0041708 0.0072524 0.0053977 0.0049199 0.0100512 0.0009034 0.0041745 0.0014107 0.0042941 0.0004439 0.0094887 0.0125490 0.0009347 0.0091790 0.0035907 0.0024388 0.0004439 0.0094857 0.0024388 0.0089825 0.0029386 0.0004480 0.0004435 0.0035368 0.0041098 0.0018932 0.0041745 0.0029808 0.0024090 0.0041132 0.0019638 0.0034851 0.0047016 0.0041137 0.0077358 0.0039733 0.0070262 0.0053232 0.0047016 0.0054584 0.0049235 0.0019638 0.0084522 0.0053180 0.0084592 0.0061064 0.0053232 0.0077358 0.0070262 0.0035373 0.0004439 0.0108791 0.0125490 0.0114979 0.0125490 0.0094871 0.0029418 0.0065415 0.0076652 0.0114979 0.0129176 0.0100525 0.0094883 0.0092372 0.0084522 0.0004434 0.0041134 0.0041745 0.0024070 0.0048307 0.0070274 0.0034886 0.0070274 0.0029786 0.0044981 0.0025353 0.0035835 0.0051585 0.0009347 0.0024385 0.0014107 0.0013955 0.0110304 0.0125490 0.0013944 0.0009356 0.0024090 0.0042246 0.0049199 0.0055624 0.0041137 0.0009355 0.0081716 0.0014448 0.0103343 0.0077283 0.0047802 0.0040508 0.0029386 0.0077287 0.0044290 0.0047805 0.0030613 0.0029806 0.0052520 0.0009455 0.0117056 0.0029393 0.0041091 0.0081716 0.0019392 0.0025034 0.0025353 0.0074922 0.0036914 0.0040508 0.0047016 0.0110304 0.0110308 0.0009455 0.0070352 0.0014300 0.0072516 0.0057324 0.0068849 0.0051542 
11-DW-Tar6_h2     0.0056613 0.0042427 0.0056613 0.0024385 0.0049193 0.0049193 0.0030208 0.0042944 0.0018929 0.0013942 0.0030208 0.0059557 0.0043666 0.0013942 0.0000000 0.0024691 0.0041750 0.0013792 0.0058378 0.0009033 0.0024385 0.0024385 0.0018929 0.0009135 0.0004480 0.0042287 0.0050930 0.0019172 0.0024696 0.0014111 0.0009135 0.0019151 0.0019641 0.0030583 0.0108781 0.0030175 0.0009135 0.0019641 0.0009033 0.0000010 0.0013792 0.0009126 0.0076742 0.0024691 0.0048573 0.0036423 0.0063376 0.0058378 0.0024364 0.0066715 0.0048573 0.0043671 0.0111626 0.0004480 0.0024385 0.0018929 0.0037466 0.0018929 0.0089370 0.0120410 0.0025010 0.0068849 0.0019171 0.0019399 0.0018929 0.0088803 0.0019399 0.0084526 0.0024385 0.0019151 0.0009135 0.0030206 0.0035874 0.0014111 0.0024385 0.0013956 0.0019171 0.0035904 0.0036870 0.0029778 0.0041745 0.0035909 0.0071751 0.0061460 0.0064603 0.0076647 0.0041745 0.0049148 0.0056603 0.0036870 0.0078997 0.0061533 0.0079066 0.0055624 0.0076647 0.0071751 0.0064603 0.0030210 0.0009126 0.0103239 0.0120410 0.0086545 0.0120410 0.0088817 0.0024412 0.0059571 0.0070537 0.0086545 0.0100610 0.0094779 0.0089366 0.0086465 0.0078997 0.0018910 0.0035907 0.0036423 0.0019155 0.0042896 0.0064615 0.0029808 0.0064615 0.0024696 0.0066719 0.0030577 0.0030618 0.0057304 0.0025010 0.0009135 0.0018929 0.0029808 0.0105126 0.0120410 0.0009230 0.0025034 0.0019171 0.0036877 0.0043671 0.0050067 0.0035909 0.0025032 0.0075832 0.0019391 0.0076742 0.0055567 0.0029808 0.0035375 0.0024385 0.0071682 0.0065464 0.0042429 0.0049199 0.0035868 0.0058367 0.0025360 0.0111724 0.0024391 0.0035868 0.0075832 0.0025037 0.0042944 0.0030577 0.0068959 0.0056620 0.0035375 0.0041745 0.0105126 0.0105129 0.0025360 0.0064690 0.0030610 0.0066707 0.0051611 0.0063319 0.0057257 
122-DW-AnB-7_h1   0.0049145 0.0013955 0.0049145 0.0009135 0.0056551 0.0056551 0.0004439 0.0036309 0.0024361 0.0029780 0.0004439 0.0037369 0.0014302 0.0029780 0.0024691 0.0000000 0.0035337 0.0030174 0.0050618 0.0035868 0.0018913 0.0018913 0.0024361 0.0014097 0.0019154 0.0049145 0.0019659 0.0013945 0.0009028 0.0009127 0.0014097 0.0024067 0.0036875 0.0049151 0.0120310 0.0013793 0.0024388 0.0036875 0.0035868 0.0024691 0.0030174 0.0024363 0.0086563 0.0000010 0.0018929 0.0009134 0.0042976 0.0050618 0.0009127 0.0058316 0.0018929 0.0036878 0.0116965 0.0019154 0.0009134 0.0024360 0.0009357 0.0035371 0.0094891 0.0108694 0.0042902 0.0077212 0.0013943 0.0004436 0.0035371 0.0078394 0.0004436 0.0075683 0.0018913 0.0024067 0.0024388 0.0024361 0.0009035 0.0009127 0.0009134 0.0019151 0.0013944 0.0029778 0.0030548 0.0013942 0.0013792 0.0009043 0.0036372 0.0053121 0.0030607 0.0067466 0.0013792 0.0042203 0.0049136 0.0030548 0.0042282 0.0053183 0.0042321 0.0036374 0.0067466 0.0036372 0.0030607 0.0004440 0.0024363 0.0092370 0.0108694 0.0097252 0.0108694 0.0078408 0.0018933 0.0051564 0.0061464 0.0097252 0.0111722 0.0084352 0.0079792 0.0076490 0.0042282 0.0024383 0.0018698 0.0009134 0.0013933 0.0036269 0.0042244 0.0024066 0.0056557 0.0009028 0.0058319 0.0036830 0.0036882 0.0065313 0.0042902 0.0014097 0.0024360 0.0024066 0.0094793 0.0108694 0.0013945 0.0042944 0.0013944 0.0019644 0.0036878 0.0042936 0.0009043 0.0042941 0.0066719 0.0049971 0.0086563 0.0063250 0.0013955 0.0029363 0.0009135 0.0063254 0.0057317 0.0024066 0.0042246 0.0009033 0.0066632 0.0030583 0.0100429 0.0018917 0.0009033 0.0066719 0.0042949 0.0036309 0.0036830 0.0060201 0.0035797 0.0029363 0.0013792 0.0094793 0.0094797 0.0030583 0.0056623 0.0036873 0.0058309 0.0044206 0.0055513 0.0065259 
122-DW-AnB-7_h2   0.0009356 0.0029357 0.0009356 0.0034854 0.0014462 0.0014462 0.0041096 0.0042290 0.0041093 0.0047021 0.0041096 0.0072523 0.0055573 0.0047021 0.0041750 0.0035337 0.0000000 0.0047754 0.0057324 0.0053980 0.0034854 0.0034854 0.0041093 0.0029780 0.0035375 0.0019898 0.0048354 0.0018915 0.0024392 0.0024068 0.0029782 0.0040505 0.0055577 0.0055523 0.0111523 0.0053053 0.0041139 0.0055577 0.0053980 0.0041750 0.0047754 0.0041095 0.0078327 0.0035337 0.0060305 0.0034854 0.0024680 0.0057324 0.0035872 0.0014835 0.0060305 0.0019412 0.0108508 0.0035375 0.0047757 0.0041091 0.0049148 0.0041093 0.0087198 0.0100332 0.0062118 0.0084360 0.0041751 0.0029784 0.0041093 0.0070362 0.0029784 0.0082621 0.0024042 0.0040505 0.0041139 0.0041093 0.0035375 0.0024068 0.0047757 0.0035371 0.0029390 0.0047018 0.0048304 0.0029328 0.0029777 0.0035337 0.0030575 0.0060263 0.0025004 0.0074994 0.0029777 0.0014449 0.0019386 0.0048304 0.0025031 0.0060333 0.0036335 0.0030575 0.0074994 0.0030575 0.0025004 0.0029752 0.0041095 0.0084261 0.0100332 0.0088523 0.0100332 0.0070375 0.0024068 0.0033305 0.0054124 0.0088523 0.0103039 0.0076405 0.0087194 0.0084266 0.0025031 0.0053050 0.0024385 0.0034854 0.0018935 0.0019641 0.0014464 0.0040503 0.0014464 0.0024392 0.0065407 0.0055510 0.0030977 0.0072426 0.0062118 0.0029780 0.0041091 0.0040503 0.0087103 0.0100332 0.0029391 0.0049148 0.0029390 0.0036346 0.0019412 0.0014286 0.0035337 0.0062173 0.0059431 0.0070208 0.0078327 0.0019637 0.0041703 0.0004480 0.0034854 0.0019639 0.0078205 0.0053983 0.0048409 0.0046972 0.0044195 0.0048359 0.0092184 0.0013946 0.0035368 0.0059431 0.0049154 0.0042290 0.0055510 0.0039692 0.0055637 0.0004480 0.0053050 0.0087103 0.0087107 0.0048359 0.0063333 0.0055573 0.0014833 0.0026058 0.0014286 0.0072515 
123-DW-AnB-8_h1   0.0063315 0.0048568 0.0063315 0.0029775 0.0055564 0.0055564 0.0035866 0.0025357 0.0004479 0.0009133 0.0035866 0.0039216 0.0050011 0.0009133 0.0013792 0.0030174 0.0047754 0.0000000 0.0038561 0.0004438 0.0009228 0.0009228 0.0004479 0.0013941 0.0018929 0.0048351 0.0057629 0.0024385 0.0030179 0.0019150 0.0013941 0.0014107 0.0014461 0.0025031 0.0117039 0.0035900 0.0013941 0.0014461 0.0004438 0.0013792 0.0000010 0.0013954 0.0084523 0.0030174 0.0054886 0.0042378 0.0070251 0.0038561 0.0029749 0.0074041 0.0054886 0.0050017 0.0120396 0.0018929 0.0029775 0.0004479 0.0043616 0.0013953 0.0113209 0.0129076 0.0019640 0.0075667 0.0024384 0.0024690 0.0013953 0.0097334 0.0024690 0.0091790 0.0029775 0.0014107 0.0013941 0.0035863 0.0041705 0.0019150 0.0029775 0.0018928 0.0024384 0.0041740 0.0019874 0.0035328 0.0047748 0.0041745 0.0078980 0.0040386 0.0071670 0.0054233 0.0047748 0.0055513 0.0050055 0.0019874 0.0086370 0.0054178 0.0086443 0.0062156 0.0054233 0.0078980 0.0071670 0.0035868 0.0013954 0.0111718 0.0129076 0.0094759 0.0129076 0.0097349 0.0029808 0.0066719 0.0078398 0.0094759 0.0108775 0.0103135 0.0097138 0.0094676 0.0086370 0.0013939 0.0041743 0.0042378 0.0024363 0.0049088 0.0071681 0.0035364 0.0071681 0.0030179 0.0045736 0.0014445 0.0036343 0.0037956 0.0019640 0.0013941 0.0004479 0.0014106 0.0113107 0.0129076 0.0024385 0.0019658 0.0024384 0.0042894 0.0050017 0.0056600 0.0041745 0.0019657 0.0083580 0.0014286 0.0084523 0.0062093 0.0035364 0.0041093 0.0029775 0.0078907 0.0045016 0.0048570 0.0031031 0.0030200 0.0038553 0.0019896 0.0120307 0.0029782 0.0041698 0.0083580 0.0030581 0.0025357 0.0014445 0.0076562 0.0037462 0.0041093 0.0047748 0.0113107 0.0113111 0.0019896 0.0071762 0.0014460 0.0074033 0.0058371 0.0070188 0.0037925 
127-DW-AnB-12_h2  0.0074998 0.0072519 0.0074998 0.0049771 0.0084516 0.0084516 0.0057264 0.0009357 0.0031909 0.0037976 0.0057264 0.0009127 0.0074920 0.0037976 0.0058378 0.0050618 0.0057324 0.0038561 0.0000000 0.0044975 0.0025711 0.0025711 0.0031909 0.0044204 0.0050675 0.0074998 0.0084431 0.0043510 0.0037986 0.0037373 0.0044206 0.0031461 0.0046376 0.0060270 0.0163282 0.0057321 0.0044206 0.0046376 0.0044975 0.0058378 0.0038561 0.0044251 0.0124208 0.0050618 0.0079787 0.0065331 0.0098066 0.0000010 0.0051555 0.0064154 0.0079787 0.0060336 0.0138971 0.0050675 0.0065331 0.0031907 0.0048362 0.0044248 0.0129982 0.0148341 0.0053186 0.0108600 0.0058378 0.0044209 0.0044248 0.0114532 0.0044209 0.0105879 0.0049771 0.0031461 0.0044206 0.0057261 0.0050675 0.0037373 0.0065331 0.0050668 0.0043508 0.0064081 0.0024685 0.0056200 0.0071004 0.0064088 0.0108783 0.0021007 0.0100518 0.0021006 0.0071004 0.0047606 0.0074985 0.0024685 0.0100612 0.0020986 0.0117140 0.0088164 0.0021006 0.0108783 0.0100518 0.0057268 0.0044251 0.0129575 0.0148341 0.0138385 0.0148341 0.0114547 0.0037373 0.0090768 0.0093060 0.0138385 0.0153443 0.0120239 0.0112603 0.0129583 0.0100612 0.0044198 0.0064085 0.0065331 0.0031467 0.0041618 0.0084525 0.0056257 0.0084525 0.0037986 0.0004481 0.0030577 0.0074938 0.0063542 0.0053186 0.0044204 0.0031907 0.0020164 0.0129879 0.0148341 0.0043510 0.0053242 0.0043508 0.0035836 0.0060336 0.0082529 0.0064088 0.0053239 0.0098293 0.0061464 0.0124208 0.0092448 0.0072519 0.0049829 0.0049771 0.0092454 0.0013794 0.0072523 0.0004590 0.0050665 0.0065076 0.0039107 0.0138884 0.0037418 0.0064015 0.0098293 0.0067482 0.0009357 0.0030577 0.0066205 0.0019664 0.0049829 0.0071004 0.0129879 0.0129883 0.0039107 0.0084449 0.0033333 0.0087523 0.0069906 0.0082529 0.0009126 
12-DW-Tar7_h2     0.0070266 0.0054945 0.0070266 0.0035366 0.0062162 0.0062162 0.0041745 0.0031033 0.0009133 0.0004479 0.0041745 0.0045784 0.0056606 0.0004479 0.0009033 0.0035868 0.0053980 0.0004438 0.0044975 0.0000000 0.0014107 0.0014107 0.0009133 0.0018929 0.0013942 0.0054633 0.0064600 0.0029810 0.0035874 0.0024385 0.0018929 0.0009228 0.0009454 0.0019640 0.0125481 0.0030202 0.0009125 0.0009454 0.0000010 0.0009033 0.0004438 0.0009133 0.0092553 0.0035868 0.0061433 0.0048570 0.0077350 0.0044975 0.0035335 0.0081626 0.0061433 0.0056613 0.0111710 0.0013942 0.0035366 0.0009133 0.0050017 0.0009133 0.0105129 0.0137932 0.0014448 0.0082685 0.0029808 0.0030208 0.0009133 0.0106136 0.0030208 0.0099253 0.0035366 0.0009228 0.0009125 0.0041743 0.0047760 0.0024385 0.0035366 0.0024087 0.0029808 0.0047800 0.0025353 0.0041088 0.0053974 0.0047805 0.0086448 0.0047184 0.0078985 0.0061518 0.0053974 0.0062107 0.0056655 0.0025353 0.0093970 0.0061456 0.0094045 0.0068909 0.0061518 0.0086448 0.0078985 0.0041748 0.0009133 0.0120410 0.0137932 0.0103225 0.0137932 0.0106151 0.0035406 0.0074135 0.0086549 0.0103225 0.0117140 0.0111724 0.0105126 0.0103141 0.0093970 0.0009124 0.0047802 0.0048570 0.0029782 0.0055513 0.0078997 0.0041129 0.0078997 0.0035874 0.0052530 0.0019636 0.0042289 0.0044229 0.0014448 0.0018929 0.0009133 0.0019166 0.0121274 0.0137932 0.0019151 0.0014462 0.0029808 0.0049145 0.0056613 0.0063376 0.0047805 0.0014461 0.0091592 0.0009346 0.0092553 0.0068842 0.0041129 0.0047021 0.0035366 0.0086371 0.0051651 0.0054949 0.0036909 0.0035900 0.0044966 0.0014627 0.0129083 0.0035375 0.0047751 0.0091592 0.0025009 0.0031033 0.0019636 0.0084433 0.0043666 0.0047021 0.0053974 0.0121274 0.0121278 0.0014627 0.0079083 0.0019657 0.0081617 0.0065400 0.0077283 0.0044192 
134-DW-NeA-66_h1  0.0048354 0.0035366 0.0048354 0.0018697 0.0055567 0.0055567 0.0024066 0.0014288 0.0004480 0.0009134 0.0024066 0.0026083 0.0036339 0.0009134 0.0024385 0.0018913 0.0034854 0.0009228 0.0025711 0.0014107 0.0000000 0.0000010 0.0004480 0.0013942 0.0018932 0.0048354 0.0042933 0.0013794 0.0018916 0.0009034 0.0013943 0.0004439 0.0014463 0.0025034 0.0117043 0.0024087 0.0013943 0.0014463 0.0014107 0.0024385 0.0009228 0.0013956 0.0084527 0.0018913 0.0041088 0.0029777 0.0054624 0.0025711 0.0029751 0.0057261 0.0041088 0.0036344 0.0098064 0.0018932 0.0029777 0.0004479 0.0030581 0.0013955 0.0092759 0.0105954 0.0019642 0.0075671 0.0024385 0.0013944 0.0013955 0.0076634 0.0013944 0.0074214 0.0018697 0.0004439 0.0013943 0.0024064 0.0029361 0.0009034 0.0029777 0.0018930 0.0013794 0.0029384 0.0009346 0.0023753 0.0034850 0.0029388 0.0062159 0.0026794 0.0055564 0.0039100 0.0034850 0.0041574 0.0036370 0.0009346 0.0068849 0.0039062 0.0068909 0.0047592 0.0039100 0.0062159 0.0055564 0.0024067 0.0013956 0.0090199 0.0105954 0.0094763 0.0105954 0.0076647 0.0018717 0.0050678 0.0060263 0.0094763 0.0108779 0.0082448 0.0078130 0.0074839 0.0068849 0.0013940 0.0029386 0.0029777 0.0013782 0.0035756 0.0055573 0.0023776 0.0055573 0.0018916 0.0031911 0.0014446 0.0036348 0.0037959 0.0019642 0.0013942 0.0004479 0.0004439 0.0092665 0.0105954 0.0013794 0.0019661 0.0013794 0.0030145 0.0036344 0.0042279 0.0029388 0.0019659 0.0065404 0.0025358 0.0084527 0.0062096 0.0035366 0.0028992 0.0018697 0.0062100 0.0031488 0.0035368 0.0019409 0.0018929 0.0038556 0.0009356 0.0097980 0.0018702 0.0029356 0.0065404 0.0030585 0.0014288 0.0014446 0.0059053 0.0025035 0.0028992 0.0034850 0.0092665 0.0092669 0.0009356 0.0055637 0.0014462 0.0057254 0.0043505 0.0054575 0.0037928 
134-DW-NeA-66_h2  0.0048354 0.0035366 0.0048354 0.0018697 0.0055567 0.0055567 0.0024066 0.0014288 0.0004480 0.0009134 0.0024066 0.0026083 0.0036339 0.0009134 0.0024385 0.0018913 0.0034854 0.0009228 0.0025711 0.0014107 0.0000010 0.0000000 0.0004480 0.0013942 0.0018932 0.0048354 0.0042933 0.0013794 0.0018916 0.0009034 0.0013943 0.0004439 0.0014463 0.0025034 0.0117043 0.0024087 0.0013943 0.0014463 0.0014107 0.0024385 0.0009228 0.0013956 0.0084527 0.0018913 0.0041088 0.0029777 0.0054624 0.0025711 0.0029751 0.0057261 0.0041088 0.0036344 0.0098064 0.0018932 0.0029777 0.0004479 0.0030581 0.0013955 0.0092759 0.0105954 0.0019642 0.0075671 0.0024385 0.0013944 0.0013955 0.0076634 0.0013944 0.0074214 0.0018697 0.0004439 0.0013943 0.0024064 0.0029361 0.0009034 0.0029777 0.0018930 0.0013794 0.0029384 0.0009346 0.0023753 0.0034850 0.0029388 0.0062159 0.0026794 0.0055564 0.0039100 0.0034850 0.0041574 0.0036370 0.0009346 0.0068849 0.0039062 0.0068909 0.0047592 0.0039100 0.0062159 0.0055564 0.0024067 0.0013956 0.0090199 0.0105954 0.0094763 0.0105954 0.0076647 0.0018717 0.0050678 0.0060263 0.0094763 0.0108779 0.0082448 0.0078130 0.0074839 0.0068849 0.0013940 0.0029386 0.0029777 0.0013782 0.0035756 0.0055573 0.0023776 0.0055573 0.0018916 0.0031911 0.0014446 0.0036348 0.0037959 0.0019642 0.0013942 0.0004479 0.0004439 0.0092665 0.0105954 0.0013794 0.0019661 0.0013794 0.0030145 0.0036344 0.0042279 0.0029388 0.0019659 0.0065404 0.0025358 0.0084527 0.0062096 0.0035366 0.0028992 0.0018697 0.0062100 0.0031488 0.0035368 0.0019409 0.0018929 0.0038556 0.0009356 0.0097980 0.0018702 0.0029356 0.0065404 0.0030585 0.0014288 0.0014446 0.0059053 0.0025035 0.0028992 0.0034850 0.0092665 0.0092669 0.0009356 0.0055637 0.0014462 0.0057254 0.0043505 0.0054575 0.0037928 
