176
NC_054081.1_14827993-14830279 0.0000000 0.0547249 0.1186007 0.1195409 0.1195409 0.1152680 0.1221135 0.1221135 0.1176759 0.1115327 0.1161925 0.1147935 0.1176759 0.1177962 0.1209612 0.1147935 0.1199904 0.1176759 0.1163764 0.1186167 0.1143663 0.1170965 0.1138882 0.1138882 0.1161925 0.1190589 0.1174550 0.1195409 0.1236664 0.1180986 0.1176361 0.1165207 0.1190548 0.1125966 0.1193276 0.1190891 0.1094633 0.1149810 0.1159738 0.1193276 0.1170965 0.1199904 0.1186167 0.1161890 0.1174232 0.1176759 0.1173026 0.1202351 0.1195813 0.1143663 0.1188002 0.1195409 0.1173026 0.1227154 0.1087382 0.1174550 0.1202351 0.1161961 0.1176759 0.1134901 0.1134599 0.1096555 0.1207103 0.1174392 0.1217235 0.1190380 0.1134901 0.1218853 0.1190380 0.1165810 0.1138882 0.1125966 0.1159738 0.1176918 0.1163576 0.1165207 0.1202351 0.1190589 0.1165207 0.1161925 0.1127846 0.1154826 0.1149844 0.1192913 0.1221354 0.1202643 0.1221354 0.1172733 0.1149844 0.1129379 0.1195813 0.1127846 0.1206607 0.1200207 0.1204527 0.1171460 0.1172733 0.1221354 0.1221354 0.1192913 0.1161890 0.1094933 0.1075826 0.1262582 0.1075826 0.1250137 0.1165207 0.1187633 0.1127203 0.1262582 0.1103807 0.1106153 0.1134766 0.1118120 0.1206607 0.1136779 0.1161775 0.1202351 0.1152308 0.1117078 0.1220919 0.1138882 0.1220919 0.1176361 0.1165487 0.1150021 0.1261174 0.1137011 0.1207103 0.1190589 0.1161961 0.1125997 0.1136674 0.1096555 0.1150526 0.1209698 0.1165207 0.1127511 0.1227154 0.1209824 0.1192913 0.1209740 0.1197198 0.1233868 0.1174232 0.1206811 0.1186007 0.1140516 0.1152680 0.1206770 0.1142103 0.1185969 0.1103904 0.1163953 0.1275813 0.1169189 0.1107886 0.1167106 0.1163953 0.1197198 0.1204545 0.1115327 0.1150021 0.1127511 0.1136338 0.1140516 0.1149844 0.1136674 0.1136506 0.1169189 0.1293539 0.1193315 0.1149666 0.1138531 0.1182260 0.1154219 
NC_053519.1_11964052-11965148 0.0547249 0.0000000 0.0819999 0.0831670 0.0831670 0.0789155 0.0831670 0.0831670 0.0806003 0.0783046 0.0803365 0.0800788 0.0806003 0.0798289 0.0834706 0.0800788 0.0805595 0.0806003 0.0803669 0.0803365 0.0781136 0.0800788 0.0786925 0.0786925 0.0803365 0.0791071 0.0805595 0.0815051 0.0852077 0.0793551 0.0805835 0.0791071 0.0808455 0.0784809 0.0831276 0.0830736 0.0752796 0.0801156 0.0802900 0.0831276 0.0800788 0.0805595 0.0803365 0.0803358 0.0790629 0.0806003 0.0820507 0.0823219 0.0831846 0.0781136 0.0803587 0.0831670 0.0820507 0.0838311 0.0755105 0.0805595 0.0806003 0.0786925 0.0806003 0.0798353 0.0782737 0.0756041 0.0834204 0.0809193 0.0808375 0.0808375 0.0798353 0.0831379 0.0808375 0.0809640 0.0786925 0.0784809 0.0802900 0.0806081 0.0803587 0.0791071 0.0806003 0.0791071 0.0791071 0.0806081 0.0785207 0.0789583 0.0801162 0.0808877 0.0848670 0.0842685 0.0848670 0.0835721 0.0801162 0.0785452 0.0831846 0.0785207 0.0845249 0.0842116 0.0844850 0.0815217 0.0835721 0.0848670 0.0848670 0.0808877 0.0803358 0.0754807 0.0752796 0.0834311 0.0752796 0.0837394 0.0791071 0.0807783 0.0805125 0.0834311 0.0753628 0.0756038 0.0782808 0.0757334 0.0845249 0.0798776 0.0803289 0.0823219 0.0788996 0.0783424 0.0848485 0.0789155 0.0831670 0.0805835 0.0781136 0.0785207 0.0845253 0.0783261 0.0834204 0.0791071 0.0786925 0.0784814 0.0784814 0.0756041 0.0788724 0.0834770 0.0791071 0.0785058 0.0838311 0.0834798 0.0808877 0.0834779 0.0805125 0.0834204 0.0790629 0.0828866 0.0803289 0.0787181 0.0789155 0.0845330 0.0782813 0.0823210 0.0781136 0.0803750 0.0863745 0.0814714 0.0757337 0.0791350 0.0803750 0.0805125 0.0833641 0.0783046 0.0785207 0.0785058 0.0798559 0.0787181 0.0803750 0.0784814 0.0784741 0.0814714 0.0845275 0.0831285 0.0801084 0.0786772 0.0828866 0.0779670 
100-DW-OBP1-4_h2              0.1186007 0.0819999 0.0000000 0.0037163 0.0037163 0.0013398 0.0042224 0.0042224 0.0008853 0.0047217 0.0036973 0.0041853 0.0008853 0.0047674 0.0018142 0.0041853 0.0037124 0.0013358 0.0027192 0.0042006 0.0058157 0.0046966 0.0032038 0.0032038 0.0036973 0.0027399 0.0032168 0.0047395 0.0013477 0.0027307 0.0022535 0.0022616 0.0027401 0.0036840 0.0047414 0.0047401 0.0092805 0.0017919 0.0036990 0.0047414 0.0046966 0.0037124 0.0042006 0.0036975 0.0070390 0.0013358 0.0022610 0.0004386 0.0022808 0.0058157 0.0022614 0.0042624 0.0022610 0.0037181 0.0092309 0.0032168 0.0013398 0.0036971 0.0013523 0.0036973 0.0079868 0.0086658 0.0052472 0.0068273 0.0017980 0.0017923 0.0036973 0.0064898 0.0017923 0.0078660 0.0022605 0.0036840 0.0036990 0.0027388 0.0013355 0.0022616 0.0013398 0.0022690 0.0017981 0.0032151 0.0042223 0.0027301 0.0008849 0.0013358 0.0018072 0.0058984 0.0022731 0.0069723 0.0008849 0.0042214 0.0037156 0.0042223 0.0022725 0.0059011 0.0022730 0.0027639 0.0069723 0.0018072 0.0022731 0.0017927 0.0036975 0.0075506 0.0086658 0.0076231 0.0086658 0.0064912 0.0032053 0.0042978 0.0048714 0.0076231 0.0087117 0.0070008 0.0079862 0.0075511 0.0022725 0.0036983 0.0013349 0.0004386 0.0027300 0.0037288 0.0032202 0.0027293 0.0042229 0.0022535 0.0063690 0.0047388 0.0037461 0.0068997 0.0052472 0.0027399 0.0036971 0.0036838 0.0079820 0.0086658 0.0027307 0.0052487 0.0017981 0.0032460 0.0037181 0.0032325 0.0013358 0.0052484 0.0058677 0.0057834 0.0070390 0.0047187 0.0008879 0.0032031 0.0013398 0.0047190 0.0052982 0.0027293 0.0052261 0.0013352 0.0058145 0.0042244 0.0081031 0.0032046 0.0013352 0.0058677 0.0042411 0.0047217 0.0047388 0.0053703 0.0037166 0.0032031 0.0017918 0.0079820 0.0079825 0.0042244 0.0063082 0.0047411 0.0042618 0.0042804 0.0042049 0.0068990 
101-DW-OBP1-5_h1              0.1195409 0.0831670 0.0037163 0.0000000 0.0000010 0.0042069 0.0004400 0.0004400 0.0047217 0.0047683 0.0047213 0.0052260 0.0047217 0.0069732 0.0036833 0.0052260 0.0047417 0.0042232 0.0008926 0.0052462 0.0058765 0.0057593 0.0042069 0.0042069 0.0047213 0.0037317 0.0042249 0.0008881 0.0031917 0.0027543 0.0032466 0.0032333 0.0037319 0.0047034 0.0058159 0.0058142 0.0093788 0.0057341 0.0047236 0.0058159 0.0057593 0.0047417 0.0052462 0.0047216 0.0071100 0.0042232 0.0062757 0.0042069 0.0013307 0.0058765 0.0042408 0.0004437 0.0062757 0.0008825 0.0093279 0.0042249 0.0052466 0.0047210 0.0052976 0.0047213 0.0080672 0.0087558 0.0063401 0.0079794 0.0047418 0.0037322 0.0047213 0.0065544 0.0037322 0.0079437 0.0032318 0.0047034 0.0047236 0.0047213 0.0042250 0.0032333 0.0052466 0.0042244 0.0037181 0.0052256 0.0052736 0.0037150 0.0037312 0.0042232 0.0017914 0.0059602 0.0013349 0.0070473 0.0037312 0.0023099 0.0008820 0.0052736 0.0013354 0.0059630 0.0022528 0.0017914 0.0070473 0.0017914 0.0013349 0.0037306 0.0047216 0.0076271 0.0087558 0.0077014 0.0087558 0.0065558 0.0032333 0.0038676 0.0054477 0.0077014 0.0088028 0.0070709 0.0080667 0.0076276 0.0013354 0.0057337 0.0032458 0.0042069 0.0027555 0.0027896 0.0004401 0.0047031 0.0004401 0.0032466 0.0064359 0.0058126 0.0037798 0.0069676 0.0063401 0.0037317 0.0047210 0.0047031 0.0080623 0.0087558 0.0037184 0.0052975 0.0037181 0.0042645 0.0008825 0.0004386 0.0042232 0.0063416 0.0059244 0.0069007 0.0071100 0.0008850 0.0047395 0.0013524 0.0042069 0.0008850 0.0074852 0.0057597 0.0052783 0.0052238 0.0048318 0.0052763 0.0081862 0.0022820 0.0042241 0.0059244 0.0052983 0.0047683 0.0058126 0.0023093 0.0058186 0.0013524 0.0057338 0.0080623 0.0080629 0.0052763 0.0063699 0.0058156 0.0004436 0.0013521 0.0004386 0.0069722 
101-DW-OBP1-5_h2              0.1195409 0.0831670 0.0037163 0.0000010 0.0000000 0.0042069 0.0004400 0.0004400 0.0047217 0.0047683 0.0047213 0.0052260 0.0047217 0.0069732 0.0036833 0.0052260 0.0047417 0.0042232 0.0008926 0.0052462 0.0058765 0.0057593 0.0042069 0.0042069 0.0047213 0.0037317 0.0042249 0.0008881 0.0031917 0.0027543 0.0032466 0.0032333 0.0037319 0.0047034 0.0058159 0.0058142 0.0093788 0.0057341 0.0047236 0.0058159 0.0057593 0.0047417 0.0052462 0.0047216 0.0071100 0.0042232 0.0062757 0.0042069 0.0013307 0.0058765 0.0042408 0.0004437 0.0062757 0.0008825 0.0093279 0.0042249 0.0052466 0.0047210 0.0052976 0.0047213 0.0080672 0.0087558 0.0063401 0.0079794 0.0047418 0.0037322 0.0047213 0.0065544 0.0037322 0.0079437 0.0032318 0.0047034 0.0047236 0.0047213 0.0042250 0.0032333 0.0052466 0.0042244 0.0037181 0.0052256 0.0052736 0.0037150 0.0037312 0.0042232 0.0017914 0.0059602 0.0013349 0.0070473 0.0037312 0.0023099 0.0008820 0.0052736 0.0013354 0.0059630 0.0022528 0.0017914 0.0070473 0.0017914 0.0013349 0.0037306 0.0047216 0.0076271 0.0087558 0.0077014 0.0087558 0.0065558 0.0032333 0.0038676 0.0054477 0.0077014 0.0088028 0.0070709 0.0080667 0.0076276 0.0013354 0.0057337 0.0032458 0.0042069 0.0027555 0.0027896 0.0004401 0.0047031 0.0004401 0.0032466 0.0064359 0.0058126 0.0037798 0.0069676 0.0063401 0.0037317 0.0047210 0.0047031 0.0080623 0.0087558 0.0037184 0.0052975 0.0037181 0.0042645 0.0008825 0.0004386 0.0042232 0.0063416 0.0059244 0.0069007 0.0071100 0.0008850 0.0047395 0.0013524 0.0042069 0.0008850 0.0074852 0.0057597 0.0052783 0.0052238 0.0048318 0.0052763 0.0081862 0.0022820 0.0042241 0.0059244 0.0052983 0.0047683 0.0058126 0.0023093 0.0058186 0.0013524 0.0057338 0.0080623 0.0080629 0.0052763 0.0063699 0.0058156 0.0004436 0.0013521 0.0004386 0.0069722 
105-DW-OBP1-9_h2              0.1152680 0.0789155 0.0013398 0.0042069 0.0042069 0.0000000 0.0047210 0.0047210 0.0004400 0.0032206 0.0022530 0.0027201 0.0004400 0.0042639 0.0013523 0.0027201 0.0022615 0.0008854 0.0031917 0.0027292 0.0042464 0.0032037 0.0017847 0.0017847 0.0022530 0.0013354 0.0017923 0.0042069 0.0018203 0.0013314 0.0017920 0.0008824 0.0013355 0.0022455 0.0032330 0.0042074 0.0086239 0.0013353 0.0022540 0.0032330 0.0032037 0.0022615 0.0027292 0.0022531 0.0064358 0.0008854 0.0017978 0.0008880 0.0027541 0.0042464 0.0017982 0.0047663 0.0017978 0.0032333 0.0085797 0.0017923 0.0008880 0.0022528 0.0008953 0.0031925 0.0073745 0.0080279 0.0037170 0.0062468 0.0013396 0.0013356 0.0031925 0.0058998 0.0013356 0.0062217 0.0017847 0.0022455 0.0022540 0.0013349 0.0008852 0.0008824 0.0008880 0.0008850 0.0004386 0.0017914 0.0027431 0.0013312 0.0013353 0.0008854 0.0032451 0.0043026 0.0037322 0.0053265 0.0013353 0.0037018 0.0042061 0.0027431 0.0037312 0.0043045 0.0037320 0.0022732 0.0053265 0.0032451 0.0037322 0.0013359 0.0022531 0.0069390 0.0080279 0.0070030 0.0080279 0.0059010 0.0017855 0.0042651 0.0043212 0.0070030 0.0080688 0.0064021 0.0063110 0.0058716 0.0037312 0.0022535 0.0017915 0.0008880 0.0013311 0.0032193 0.0047217 0.0013308 0.0047217 0.0017920 0.0047666 0.0032313 0.0032337 0.0052738 0.0037170 0.0013354 0.0022528 0.0022454 0.0073701 0.0080279 0.0013314 0.0037180 0.0004386 0.0018079 0.0032333 0.0037174 0.0008854 0.0037178 0.0052996 0.0042231 0.0064358 0.0052231 0.0013398 0.0027101 0.0000010 0.0052234 0.0037516 0.0022607 0.0037032 0.0008850 0.0052962 0.0027444 0.0074787 0.0017851 0.0008850 0.0052996 0.0037186 0.0032206 0.0032313 0.0048118 0.0032323 0.0027101 0.0013353 0.0073701 0.0073706 0.0027444 0.0047240 0.0032328 0.0047656 0.0037524 0.0047011 0.0052733 
107-DW-OBP1-12_h2             0.1221135 0.0831670 0.0042224 0.0004400 0.0004400 0.0047210 0.0000000 0.0000010 0.0052466 0.0052992 0.0052462 0.0057593 0.0052466 0.0075541 0.0041842 0.0057593 0.0042243 0.0047398 0.0013522 0.0047206 0.0064350 0.0052252 0.0047210 0.0047210 0.0052462 0.0032329 0.0047417 0.0004400 0.0036828 0.0032448 0.0037474 0.0037317 0.0042405 0.0052256 0.0063684 0.0063665 0.0087545 0.0062757 0.0052488 0.0063684 0.0052252 0.0042243 0.0047206 0.0052465 0.0065271 0.0047398 0.0068303 0.0047210 0.0017912 0.0064350 0.0037317 0.0008953 0.0068303 0.0013356 0.0099614 0.0047417 0.0047210 0.0042063 0.0058398 0.0052462 0.0086675 0.0093788 0.0069007 0.0073998 0.0042244 0.0042408 0.0052462 0.0071398 0.0042408 0.0085318 0.0037299 0.0052256 0.0052488 0.0052462 0.0047418 0.0037317 0.0047210 0.0037176 0.0042244 0.0057589 0.0058126 0.0042208 0.0042397 0.0047398 0.0022604 0.0065287 0.0017973 0.0076359 0.0042397 0.0027994 0.0013347 0.0058126 0.0017980 0.0065318 0.0027291 0.0022604 0.0076359 0.0022604 0.0017973 0.0042390 0.0052465 0.0082292 0.0093788 0.0071046 0.0093788 0.0071413 0.0037317 0.0043976 0.0060093 0.0071046 0.0081890 0.0076624 0.0086669 0.0082297 0.0017980 0.0062752 0.0037464 0.0047210 0.0032462 0.0032872 0.0008881 0.0052253 0.0008881 0.0037474 0.0070073 0.0052729 0.0042959 0.0063995 0.0069007 0.0032329 0.0042063 0.0052253 0.0086622 0.0093788 0.0042247 0.0058397 0.0042244 0.0047868 0.0013356 0.0008850 0.0047398 0.0069024 0.0064891 0.0063392 0.0065271 0.0004385 0.0042224 0.0018205 0.0047210 0.0013394 0.0080721 0.0063045 0.0058178 0.0057568 0.0043033 0.0058156 0.0087985 0.0027650 0.0047408 0.0064891 0.0058406 0.0052992 0.0052729 0.0027987 0.0063714 0.0018205 0.0062753 0.0086622 0.0086628 0.0058156 0.0069341 0.0063680 0.0008952 0.0018201 0.0008850 0.0064037 
108-DW-OBP1-13_h2             0.1221135 0.0831670 0.0042224 0.0004400 0.0004400 0.0047210 0.0000010 0.0000000 0.0052466 0.0052992 0.0052462 0.0057593 0.0052466 0.0075541 0.0041842 0.0057593 0.0042243 0.0047398 0.0013522 0.0047206 0.0064350 0.0052252 0.0047210 0.0047210 0.0052462 0.0032329 0.0047417 0.0004400 0.0036828 0.0032448 0.0037474 0.0037317 0.0042405 0.0052256 0.0063684 0.0063665 0.0087545 0.0062757 0.0052488 0.0063684 0.0052252 0.0042243 0.0047206 0.0052465 0.0065271 0.0047398 0.0068303 0.0047210 0.0017912 0.0064350 0.0037317 0.0008953 0.0068303 0.0013356 0.0099614 0.0047417 0.0047210 0.0042063 0.0058398 0.0052462 0.0086675 0.0093788 0.0069007 0.0073998 0.0042244 0.0042408 0.0052462 0.0071398 0.0042408 0.0085318 0.0037299 0.0052256 0.0052488 0.0052462 0.0047418 0.0037317 0.0047210 0.0037176 0.0042244 0.0057589 0.0058126 0.0042208 0.0042397 0.0047398 0.0022604 0.0065287 0.0017973 0.0076359 0.0042397 0.0027994 0.0013347 0.0058126 0.0017980 0.0065318 0.0027291 0.0022604 0.0076359 0.0022604 0.0017973 0.0042390 0.0052465 0.0082292 0.0093788 0.0071046 0.0093788 0.0071413 0.0037317 0.0043976 0.0060093 0.0071046 0.0081890 0.0076624 0.0086669 0.0082297 0.0017980 0.0062752 0.0037464 0.0047210 0.0032462 0.0032872 0.0008881 0.0052253 0.0008881 0.0037474 0.0070073 0.0052729 0.0042959 0.0063995 0.0069007 0.0032329 0.0042063 0.0052253 0.0086622 0.0093788 0.0042247 0.0058397 0.0042244 0.0047868 0.0013356 0.0008850 0.0047398 0.0069024 0.0064891 0.0063392 0.0065271 0.0004385 0.0042224 0.0018205 0.0047210 0.0013394 0.0080721 0.0063045 0.0058178 0.0057568 0.0043033 0.0058156 0.0087985 0.0027650 0.0047408 0.0064891 0.0058406 0.0052992 0.0052729 0.0027987 0.0063714 0.0018205 0.0062753 0.0086622 0.0086628 0.0058156 0.0069341 0.0063680 0.0008952 0.0018201 0.0008850 0.0064037 
109-DW-OBP1-14_h1             0.1176759 0.0806003 0.0008853 0.0047217 0.0047217 0.0004400 0.0052466 0.0052466 0.0000000 0.0037171 0.0027296 0.0032042 0.0000010 0.0037522 0.0008926 0.0032042 0.0027402 0.0004387 0.0036832 0.0032152 0.0047666 0.0036975 0.0022531 0.0022531 0.0027296 0.0017982 0.0022618 0.0047217 0.0013522 0.0017925 0.0013312 0.0013356 0.0017983 0.0027203 0.0037318 0.0047222 0.0092354 0.0008823 0.0027309 0.0037318 0.0036975 0.0027402 0.0032152 0.0027297 0.0070082 0.0004387 0.0013353 0.0004400 0.0032451 0.0047666 0.0013355 0.0052976 0.0013353 0.0037322 0.0091865 0.0022618 0.0004400 0.0027294 0.0004437 0.0036842 0.0079510 0.0086251 0.0042237 0.0067987 0.0008851 0.0008825 0.0036842 0.0064622 0.0008825 0.0067695 0.0022531 0.0027203 0.0027309 0.0017975 0.0004386 0.0013356 0.0004400 0.0013396 0.0008852 0.0022607 0.0032318 0.0017921 0.0008823 0.0004387 0.0027544 0.0048310 0.0032336 0.0058739 0.0008823 0.0042060 0.0047207 0.0032318 0.0032327 0.0048331 0.0032334 0.0027545 0.0058739 0.0027544 0.0032336 0.0008827 0.0027297 0.0075170 0.0086251 0.0075886 0.0086251 0.0064636 0.0022542 0.0047882 0.0048525 0.0075886 0.0086705 0.0069704 0.0068701 0.0064304 0.0032327 0.0027303 0.0013309 0.0004400 0.0017920 0.0037155 0.0042073 0.0017915 0.0052473 0.0013312 0.0052981 0.0037298 0.0037326 0.0058137 0.0042237 0.0017982 0.0027294 0.0027201 0.0079463 0.0086251 0.0017925 0.0042249 0.0008852 0.0022818 0.0037322 0.0042241 0.0004387 0.0042246 0.0058439 0.0047404 0.0070082 0.0057568 0.0008853 0.0031922 0.0004400 0.0057572 0.0042637 0.0017915 0.0042075 0.0004385 0.0058391 0.0032333 0.0080661 0.0022537 0.0004385 0.0058439 0.0042255 0.0037171 0.0037298 0.0053490 0.0027438 0.0031922 0.0008823 0.0079463 0.0079469 0.0032333 0.0052499 0.0037316 0.0052970 0.0042645 0.0052238 0.0058131 
109-DW-OBP1-14_h2             0.1115327 0.0783046 0.0047217 0.0047683 0.0047683 0.0032206 0.0052992 0.0052992 0.0037171 0.0000000 0.0018139 0.0022816 0.0037171 0.0018141 0.0047666 0.0022816 0.0037321 0.0032324 0.0037184 0.0022892 0.0008927 0.0027646 0.0013476 0.0013476 0.0018139 0.0027543 0.0032337 0.0047683 0.0052973 0.0027450 0.0022823 0.0022734 0.0027545 0.0018079 0.0027900 0.0037669 0.0093325 0.0037181 0.0027545 0.0027900 0.0027646 0.0037321 0.0022892 0.0027552 0.0070785 0.0032324 0.0052241 0.0042232 0.0063105 0.0008927 0.0032453 0.0042093 0.0052241 0.0037683 0.0081510 0.0032337 0.0042232 0.0018138 0.0031924 0.0027550 0.0080306 0.0087141 0.0032751 0.0068644 0.0037322 0.0027547 0.0027550 0.0065261 0.0027547 0.0068354 0.0032206 0.0018079 0.0027545 0.0037168 0.0032338 0.0022734 0.0042232 0.0032333 0.0027448 0.0042072 0.0013309 0.0037018 0.0047017 0.0042078 0.0068696 0.0009037 0.0063389 0.0018305 0.0047017 0.0031810 0.0047673 0.0013309 0.0063417 0.0018302 0.0074065 0.0057658 0.0018305 0.0068696 0.0063389 0.0037173 0.0027552 0.0075927 0.0087141 0.0076661 0.0087141 0.0065276 0.0022734 0.0054061 0.0054256 0.0076661 0.0087606 0.0070398 0.0069373 0.0075932 0.0063417 0.0027539 0.0042075 0.0042232 0.0018083 0.0027103 0.0053000 0.0037032 0.0053000 0.0022823 0.0013526 0.0017915 0.0047678 0.0038145 0.0032751 0.0027543 0.0018138 0.0008923 0.0080258 0.0087141 0.0027450 0.0032760 0.0027448 0.0022461 0.0037683 0.0052760 0.0042078 0.0032758 0.0059000 0.0037808 0.0070785 0.0058152 0.0047217 0.0032221 0.0032206 0.0058156 0.0022737 0.0047220 0.0004388 0.0032331 0.0038326 0.0023021 0.0081483 0.0022745 0.0042057 0.0059000 0.0042638 0.0000010 0.0017915 0.0042485 0.0017932 0.0032221 0.0047017 0.0080258 0.0080263 0.0023021 0.0052988 0.0018361 0.0053506 0.0043066 0.0052760 0.0018138 
10-DW-Tar5_h1                 0.1161925 0.0803365 0.0036973 0.0047213 0.0047213 0.0022530 0.0052462 0.0052462 0.0027296 0.0018139 0.0000000 0.0004387 0.0027296 0.0028004 0.0037314 0.0004387 0.0017921 0.0022608 0.0036829 0.0004399 0.0027896 0.0008852 0.0004400 0.0004400 0.0000010 0.0017981 0.0013313 0.0047213 0.0042399 0.0017923 0.0022613 0.0013355 0.0008823 0.0008853 0.0008925 0.0018078 0.0092347 0.0027303 0.0008823 0.0008925 0.0008852 0.0017921 0.0004399 0.0008826 0.0070077 0.0022608 0.0041835 0.0032152 0.0052246 0.0027896 0.0032146 0.0052972 0.0041835 0.0037319 0.0080681 0.0013313 0.0032152 0.0008879 0.0032448 0.0008825 0.0079504 0.0086245 0.0013475 0.0067982 0.0027401 0.0017983 0.0008825 0.0064617 0.0017983 0.0067689 0.0022530 0.0008853 0.0008823 0.0027294 0.0032033 0.0013355 0.0032152 0.0022614 0.0017922 0.0032037 0.0013517 0.0027190 0.0036825 0.0032042 0.0057585 0.0028251 0.0052458 0.0038166 0.0036825 0.0042056 0.0037319 0.0013517 0.0062757 0.0038158 0.0062772 0.0047024 0.0038166 0.0057585 0.0052458 0.0027297 0.0008826 0.0075164 0.0086245 0.0075880 0.0086245 0.0064631 0.0022540 0.0047878 0.0053736 0.0075880 0.0086698 0.0069699 0.0068696 0.0064299 0.0062757 0.0008822 0.0032040 0.0032152 0.0017919 0.0037152 0.0052469 0.0027199 0.0052469 0.0022613 0.0032877 0.0018195 0.0027448 0.0037798 0.0013475 0.0017981 0.0008879 0.0008852 0.0079457 0.0086245 0.0017923 0.0013479 0.0017922 0.0032322 0.0037319 0.0042238 0.0032042 0.0013478 0.0058434 0.0018137 0.0070077 0.0057564 0.0036973 0.0031919 0.0022530 0.0057567 0.0032761 0.0036975 0.0022815 0.0022612 0.0037949 0.0013523 0.0080655 0.0022536 0.0032027 0.0058434 0.0022732 0.0018139 0.0018195 0.0053486 0.0027648 0.0031919 0.0036825 0.0079457 0.0079463 0.0013523 0.0052495 0.0008925 0.0052965 0.0042642 0.0052234 0.0037795 
10-DW-Tar5_h2                 0.1147935 0.0800788 0.0041853 0.0052260 0.0052260 0.0027201 0.0057593 0.0057593 0.0032042 0.0022816 0.0004387 0.0000000 0.0032042 0.0032886 0.0042244 0.0000010 0.0013354 0.0027297 0.0041687 0.0008852 0.0032756 0.0004400 0.0008853 0.0008853 0.0004387 0.0022615 0.0008824 0.0052260 0.0047411 0.0022541 0.0027303 0.0017923 0.0013313 0.0004400 0.0004436 0.0013475 0.0098108 0.0022614 0.0004386 0.0004436 0.0004400 0.0013354 0.0008852 0.0004387 0.0075586 0.0027297 0.0046771 0.0036975 0.0057350 0.0032756 0.0036967 0.0058159 0.0046771 0.0042249 0.0075153 0.0008824 0.0036975 0.0013398 0.0037318 0.0004387 0.0074074 0.0091903 0.0008924 0.0073291 0.0032168 0.0022618 0.0004387 0.0070057 0.0022618 0.0072978 0.0027201 0.0004400 0.0004386 0.0032039 0.0036835 0.0017923 0.0036975 0.0027305 0.0022540 0.0036839 0.0018136 0.0031914 0.0041682 0.0036844 0.0062776 0.0033179 0.0057589 0.0043222 0.0041682 0.0047019 0.0042249 0.0018136 0.0068017 0.0043212 0.0068034 0.0052045 0.0043222 0.0062776 0.0057589 0.0032044 0.0004387 0.0080698 0.0091903 0.0081487 0.0091903 0.0070072 0.0027213 0.0053006 0.0059013 0.0081487 0.0092398 0.0075169 0.0074069 0.0069703 0.0068017 0.0004385 0.0036842 0.0036975 0.0022536 0.0042056 0.0057601 0.0031925 0.0057601 0.0027303 0.0037819 0.0022889 0.0032221 0.0042800 0.0008924 0.0022615 0.0013398 0.0013357 0.0084949 0.0091903 0.0013356 0.0008926 0.0022540 0.0037170 0.0042249 0.0047226 0.0036844 0.0008925 0.0063718 0.0013519 0.0075586 0.0062752 0.0041853 0.0036700 0.0027201 0.0062756 0.0037683 0.0041856 0.0027550 0.0027303 0.0042975 0.0008953 0.0086250 0.0027208 0.0036827 0.0063718 0.0018074 0.0022816 0.0022889 0.0058742 0.0032461 0.0036700 0.0041682 0.0084949 0.0084954 0.0008953 0.0057630 0.0013478 0.0058152 0.0047683 0.0057337 0.0042797 
112-DW-OBP1-18_h1             0.1176759 0.0806003 0.0008853 0.0047217 0.0047217 0.0004400 0.0052466 0.0052466 0.0000010 0.0037171 0.0027296 0.0032042 0.0000000 0.0037522 0.0008926 0.0032042 0.0027402 0.0004387 0.0036832 0.0032152 0.0047666 0.0036975 0.0022531 0.0022531 0.0027296 0.0017982 0.0022618 0.0047217 0.0013522 0.0017925 0.0013312 0.0013356 0.0017983 0.0027203 0.0037318 0.0047222 0.0092354 0.0008823 0.0027309 0.0037318 0.0036975 0.0027402 0.0032152 0.0027297 0.0070082 0.0004387 0.0013353 0.0004400 0.0032451 0.0047666 0.0013355 0.0052976 0.0013353 0.0037322 0.0091865 0.0022618 0.0004400 0.0027294 0.0004437 0.0036842 0.0079510 0.0086251 0.0042237 0.0067987 0.0008851 0.0008825 0.0036842 0.0064622 0.0008825 0.0067695 0.0022531 0.0027203 0.0027309 0.0017975 0.0004386 0.0013356 0.0004400 0.0013396 0.0008852 0.0022607 0.0032318 0.0017921 0.0008823 0.0004387 0.0027544 0.0048310 0.0032336 0.0058739 0.0008823 0.0042060 0.0047207 0.0032318 0.0032327 0.0048331 0.0032334 0.0027545 0.0058739 0.0027544 0.0032336 0.0008827 0.0027297 0.0075170 0.0086251 0.0075886 0.0086251 0.0064636 0.0022542 0.0047882 0.0048525 0.0075886 0.0086705 0.0069704 0.0068701 0.0064304 0.0032327 0.0027303 0.0013309 0.0004400 0.0017920 0.0037155 0.0042073 0.0017915 0.0052473 0.0013312 0.0052981 0.0037298 0.0037326 0.0058137 0.0042237 0.0017982 0.0027294 0.0027201 0.0079463 0.0086251 0.0017925 0.0042249 0.0008852 0.0022818 0.0037322 0.0042241 0.0004387 0.0042246 0.0058439 0.0047404 0.0070082 0.0057568 0.0008853 0.0031922 0.0004400 0.0057572 0.0042637 0.0017915 0.0042075 0.0004385 0.0058391 0.0032333 0.0080661 0.0022537 0.0004385 0.0058439 0.0042255 0.0037171 0.0037298 0.0053490 0.0027438 0.0031922 0.0008823 0.0079463 0.0079469 0.0032333 0.0052499 0.0037316 0.0052970 0.0042645 0.0052238 0.0058131 
116-DW-AnB-1_h2               0.1177962 0.0798289 0.0047674 0.0069732 0.0069732 0.0042639 0.0075541 0.0075541 0.0037522 0.0018141 0.0028004 0.0032886 0.0037522 0.0000000 0.0048133 0.0032886 0.0048076 0.0032626 0.0058160 0.0033003 0.0008852 0.0037968 0.0023105 0.0023105 0.0028004 0.0037817 0.0042824 0.0069732 0.0053500 0.0037680 0.0032633 0.0032759 0.0037819 0.0027906 0.0038331 0.0048542 0.0107438 0.0037532 0.0037819 0.0038331 0.0037968 0.0048076 0.0033003 0.0037830 0.0083721 0.0032626 0.0052753 0.0042637 0.0075184 0.0008852 0.0042627 0.0063422 0.0052753 0.0059019 0.0094916 0.0042824 0.0042637 0.0028002 0.0032218 0.0037827 0.0093423 0.0100835 0.0043400 0.0081037 0.0037676 0.0027801 0.0037827 0.0077906 0.0027801 0.0080667 0.0042639 0.0027906 0.0037819 0.0047865 0.0042467 0.0032759 0.0042637 0.0042819 0.0037678 0.0052989 0.0022814 0.0047659 0.0047471 0.0042479 0.0069408 0.0028254 0.0064038 0.0028252 0.0047471 0.0052041 0.0059020 0.0022814 0.0074823 0.0028246 0.0074842 0.0069413 0.0028252 0.0069408 0.0064038 0.0037524 0.0037830 0.0089043 0.0100835 0.0089980 0.0100835 0.0077923 0.0032759 0.0070818 0.0066271 0.0089980 0.0101420 0.0083228 0.0081941 0.0089049 0.0074823 0.0037811 0.0042477 0.0042637 0.0037670 0.0047020 0.0064051 0.0047677 0.0075552 0.0032633 0.0013399 0.0027643 0.0059026 0.0049199 0.0043400 0.0037817 0.0028002 0.0018365 0.0093365 0.0100835 0.0037680 0.0043412 0.0037678 0.0042078 0.0059019 0.0064345 0.0042479 0.0043410 0.0071128 0.0048735 0.0083721 0.0081069 0.0047674 0.0052767 0.0042639 0.0081074 0.0013359 0.0047677 0.0013520 0.0032633 0.0060132 0.0033193 0.0094882 0.0042651 0.0042458 0.0071128 0.0053747 0.0018141 0.0027643 0.0064055 0.0018080 0.0052767 0.0047471 0.0093365 0.0093371 0.0033193 0.0064645 0.0028364 0.0076333 0.0065013 0.0075164 0.0017975 
119-DW-AnB-4_h2               0.1209612 0.0834706 0.0018142 0.0036833 0.0036833 0.0013523 0.0041842 0.0041842 0.0008926 0.0047666 0.0037314 0.0042244 0.0008926 0.0048133 0.0000000 0.0042244 0.0037469 0.0013479 0.0047217 0.0042399 0.0058743 0.0047411 0.0032329 0.0032329 0.0037314 0.0027647 0.0032461 0.0036833 0.0004400 0.0027553 0.0022735 0.0022817 0.0027648 0.0037179 0.0047868 0.0058164 0.0105647 0.0018076 0.0037332 0.0047868 0.0047411 0.0037469 0.0042399 0.0037316 0.0082416 0.0013479 0.0022811 0.0013522 0.0022611 0.0058743 0.0022816 0.0042235 0.0022811 0.0027302 0.0105044 0.0032461 0.0013522 0.0037312 0.0013641 0.0047230 0.0091960 0.0099196 0.0052980 0.0079825 0.0018138 0.0018080 0.0047230 0.0076713 0.0018080 0.0079469 0.0032329 0.0037179 0.0037332 0.0027635 0.0013476 0.0022817 0.0013522 0.0022893 0.0018139 0.0032444 0.0042621 0.0027547 0.0018075 0.0013479 0.0017919 0.0059580 0.0022536 0.0070445 0.0018075 0.0052744 0.0036825 0.0042621 0.0022530 0.0059607 0.0022535 0.0017920 0.0070445 0.0017919 0.0022536 0.0018084 0.0037316 0.0087642 0.0099196 0.0088543 0.0099196 0.0076729 0.0032345 0.0059027 0.0059864 0.0088543 0.0099757 0.0081941 0.0080699 0.0076307 0.0022530 0.0037324 0.0022728 0.0013522 0.0027545 0.0047646 0.0031920 0.0027538 0.0041848 0.0022735 0.0064334 0.0047841 0.0047878 0.0069703 0.0052980 0.0027647 0.0037312 0.0037177 0.0091904 0.0099196 0.0027553 0.0052995 0.0018139 0.0032759 0.0027302 0.0032040 0.0013479 0.0052992 0.0070078 0.0058402 0.0082416 0.0046756 0.0018142 0.0042075 0.0013523 0.0046759 0.0053500 0.0027538 0.0052764 0.0013473 0.0070031 0.0042642 0.0093365 0.0032338 0.0013473 0.0070078 0.0053003 0.0047666 0.0047841 0.0042630 0.0037511 0.0042075 0.0018075 0.0091904 0.0091910 0.0042642 0.0063723 0.0047865 0.0042229 0.0032336 0.0041671 0.0069695 
11-DW-Tar6_h1                 0.1147935 0.0800788 0.0041853 0.0052260 0.0052260 0.0027201 0.0057593 0.0057593 0.0032042 0.0022816 0.0004387 0.0000010 0.0032042 0.0032886 0.0042244 0.0000000 0.0013354 0.0027297 0.0041687 0.0008852 0.0032756 0.0004400 0.0008853 0.0008853 0.0004387 0.0022615 0.0008824 0.0052260 0.0047411 0.0022541 0.0027303 0.0017923 0.0013313 0.0004400 0.0004436 0.0013475 0.0098108 0.0022614 0.0004386 0.0004436 0.0004400 0.0013354 0.0008852 0.0004387 0.0075586 0.0027297 0.0046771 0.0036975 0.0057350 0.0032756 0.0036967 0.0058159 0.0046771 0.0042249 0.0075153 0.0008824 0.0036975 0.0013398 0.0037318 0.0004387 0.0074074 0.0091903 0.0008924 0.0073291 0.0032168 0.0022618 0.0004387 0.0070057 0.0022618 0.0072978 0.0027201 0.0004400 0.0004386 0.0032039 0.0036835 0.0017923 0.0036975 0.0027305 0.0022540 0.0036839 0.0018136 0.0031914 0.0041682 0.0036844 0.0062776 0.0033179 0.0057589 0.0043222 0.0041682 0.0047019 0.0042249 0.0018136 0.0068017 0.0043212 0.0068034 0.0052045 0.0043222 0.0062776 0.0057589 0.0032044 0.0004387 0.0080698 0.0091903 0.0081487 0.0091903 0.0070072 0.0027213 0.0053006 0.0059013 0.0081487 0.0092398 0.0075169 0.0074069 0.0069703 0.0068017 0.0004385 0.0036842 0.0036975 0.0022536 0.0042056 0.0057601 0.0031925 0.0057601 0.0027303 0.0037819 0.0022889 0.0032221 0.0042800 0.0008924 0.0022615 0.0013398 0.0013357 0.0084949 0.0091903 0.0013356 0.0008926 0.0022540 0.0037170 0.0042249 0.0047226 0.0036844 0.0008925 0.0063718 0.0013519 0.0075586 0.0062752 0.0041853 0.0036700 0.0027201 0.0062756 0.0037683 0.0041856 0.0027550 0.0027303 0.0042975 0.0008953 0.0086250 0.0027208 0.0036827 0.0063718 0.0018074 0.0022816 0.0022889 0.0058742 0.0032461 0.0036700 0.0041682 0.0084949 0.0084954 0.0008953 0.0057630 0.0013478 0.0058152 0.0047683 0.0057337 0.0042797 
11-DW-Tar6_h2                 0.1199904 0.0805595 0.0037124 0.0047417 0.0047417 0.0022615 0.0042243 0.0042243 0.0027402 0.0037321 0.0017921 0.0013354 0.0027402 0.0048076 0.0037469 0.0013354 0.0000000 0.0022694 0.0036980 0.0013311 0.0047871 0.0008823 0.0022615 0.0022615 0.0017921 0.0008854 0.0004401 0.0037181 0.0042580 0.0017990 0.0022699 0.0013401 0.0008854 0.0017982 0.0018138 0.0027543 0.0080687 0.0027391 0.0008854 0.0018138 0.0008823 0.0000010 0.0013311 0.0008851 0.0059044 0.0022694 0.0042011 0.0032281 0.0052477 0.0047871 0.0022611 0.0053211 0.0042011 0.0037473 0.0081035 0.0004401 0.0022615 0.0017921 0.0032579 0.0017921 0.0069034 0.0086704 0.0022810 0.0057337 0.0017989 0.0018050 0.0017921 0.0064932 0.0018050 0.0068021 0.0022615 0.0017982 0.0008854 0.0027400 0.0032161 0.0013401 0.0022615 0.0013359 0.0017989 0.0032165 0.0032445 0.0027295 0.0036975 0.0032170 0.0057847 0.0048521 0.0052692 0.0059010 0.0036975 0.0042234 0.0047408 0.0032445 0.0063049 0.0048542 0.0063064 0.0047226 0.0059010 0.0057847 0.0052692 0.0027404 0.0008851 0.0075545 0.0086704 0.0064626 0.0086704 0.0064945 0.0022626 0.0048089 0.0053983 0.0064626 0.0075193 0.0070044 0.0069029 0.0064610 0.0063049 0.0017914 0.0032168 0.0032281 0.0017985 0.0037305 0.0052703 0.0027305 0.0052703 0.0022699 0.0053215 0.0027537 0.0027556 0.0047663 0.0022810 0.0008854 0.0017921 0.0027305 0.0079861 0.0086704 0.0008882 0.0022816 0.0017989 0.0032452 0.0037473 0.0042417 0.0032170 0.0022815 0.0058706 0.0018073 0.0059044 0.0047209 0.0027305 0.0032046 0.0022615 0.0057829 0.0053008 0.0037126 0.0042249 0.0032154 0.0047861 0.0022895 0.0081074 0.0022621 0.0032154 0.0058706 0.0022819 0.0037321 0.0027537 0.0053739 0.0047424 0.0032046 0.0036975 0.0079861 0.0079867 0.0022895 0.0052729 0.0027548 0.0053204 0.0042824 0.0052465 0.0047659 
122-DW-AnB-7_h1               0.1176759 0.0806003 0.0013358 0.0042232 0.0042232 0.0008854 0.0047398 0.0047398 0.0004387 0.0032324 0.0022608 0.0027297 0.0004387 0.0032626 0.0013479 0.0027297 0.0022694 0.0000000 0.0032033 0.0027389 0.0042630 0.0032154 0.0017917 0.0017917 0.0022608 0.0013397 0.0017984 0.0042232 0.0018143 0.0013357 0.0008823 0.0008852 0.0013397 0.0022533 0.0032450 0.0042237 0.0086663 0.0013313 0.0022618 0.0032450 0.0032154 0.0022694 0.0027389 0.0022609 0.0064645 0.0000010 0.0017920 0.0008853 0.0037322 0.0042630 0.0008852 0.0047854 0.0017920 0.0032453 0.0086215 0.0017984 0.0008853 0.0022607 0.0008927 0.0032042 0.0074080 0.0080661 0.0037311 0.0062734 0.0013355 0.0004387 0.0032042 0.0059254 0.0004387 0.0062480 0.0017917 0.0022533 0.0022618 0.0022608 0.0008825 0.0008852 0.0008853 0.0017982 0.0013356 0.0027296 0.0027530 0.0013354 0.0013312 0.0008827 0.0032336 0.0043197 0.0027545 0.0053487 0.0013312 0.0037157 0.0042223 0.0027530 0.0037177 0.0043216 0.0037184 0.0032338 0.0053487 0.0032336 0.0027545 0.0004388 0.0022609 0.0069704 0.0080661 0.0070352 0.0080661 0.0059266 0.0017925 0.0042818 0.0048525 0.0070352 0.0081075 0.0064304 0.0063393 0.0058969 0.0037177 0.0022614 0.0017848 0.0008853 0.0013354 0.0032311 0.0037169 0.0022531 0.0047404 0.0008823 0.0047858 0.0032432 0.0032457 0.0052955 0.0037311 0.0013397 0.0022607 0.0022531 0.0074036 0.0080661 0.0013357 0.0037321 0.0013356 0.0018141 0.0032453 0.0037314 0.0008827 0.0037318 0.0053215 0.0042395 0.0064645 0.0052443 0.0013358 0.0027197 0.0008854 0.0052446 0.0047677 0.0022531 0.0037171 0.0008823 0.0053181 0.0027543 0.0075134 0.0017921 0.0008823 0.0053215 0.0037326 0.0032324 0.0032432 0.0048313 0.0032209 0.0027197 0.0013312 0.0074036 0.0074041 0.0027543 0.0047428 0.0032448 0.0047848 0.0037667 0.0047196 0.0052950 
122-DW-AnB-7_h2               0.1163764 0.0803669 0.0027192 0.0008926 0.0008926 0.0031917 0.0013522 0.0013522 0.0036832 0.0037184 0.0036829 0.0041687 0.0036832 0.0058160 0.0047217 0.0041687 0.0036980 0.0032033 0.0000000 0.0041838 0.0047683 0.0046775 0.0031917 0.0031917 0.0036829 0.0027298 0.0032046 0.0018205 0.0042069 0.0017919 0.0022622 0.0022534 0.0027299 0.0036698 0.0047219 0.0047205 0.0080998 0.0046583 0.0036847 0.0047219 0.0046775 0.0036980 0.0041838 0.0036832 0.0059248 0.0032033 0.0051748 0.0031917 0.0022725 0.0047683 0.0032159 0.0013642 0.0051748 0.0018081 0.0080590 0.0032046 0.0041842 0.0036827 0.0042234 0.0036829 0.0068679 0.0075100 0.0052251 0.0067961 0.0036980 0.0027301 0.0036829 0.0053928 0.0027301 0.0067669 0.0022524 0.0036698 0.0036847 0.0036829 0.0032046 0.0022534 0.0041842 0.0032042 0.0027205 0.0041685 0.0042054 0.0027183 0.0027294 0.0032033 0.0027536 0.0048327 0.0022804 0.0058761 0.0027294 0.0013520 0.0018068 0.0042054 0.0022814 0.0048349 0.0032325 0.0027536 0.0058761 0.0027536 0.0022804 0.0027290 0.0036832 0.0064275 0.0075100 0.0064856 0.0075100 0.0053940 0.0022534 0.0028251 0.0043366 0.0064856 0.0075475 0.0058943 0.0068674 0.0064279 0.0022814 0.0046579 0.0022616 0.0031917 0.0017926 0.0018139 0.0013524 0.0036696 0.0013524 0.0022622 0.0053000 0.0047193 0.0027635 0.0058115 0.0052251 0.0027298 0.0036827 0.0036696 0.0068639 0.0075100 0.0027206 0.0042234 0.0027205 0.0032335 0.0018081 0.0013474 0.0032033 0.0052263 0.0048044 0.0057583 0.0059248 0.0018135 0.0036963 0.0004401 0.0031917 0.0018136 0.0063144 0.0046778 0.0042090 0.0041670 0.0037656 0.0042074 0.0069640 0.0013358 0.0032040 0.0048044 0.0042240 0.0037184 0.0047193 0.0033170 0.0047240 0.0004401 0.0046580 0.0068639 0.0068644 0.0042074 0.0052480 0.0047216 0.0013640 0.0023101 0.0013474 0.0058152 
123-DW-AnB-8_h1               0.1186167 0.0803365 0.0042006 0.0052462 0.0052462 0.0027292 0.0047206 0.0047206 0.0032152 0.0022892 0.0004399 0.0008852 0.0032152 0.0033003 0.0042399 0.0008852 0.0013311 0.0027389 0.0041838 0.0000000 0.0032872 0.0004386 0.0008879 0.0008879 0.0004399 0.0013353 0.0017921 0.0042066 0.0047591 0.0022615 0.0027395 0.0017981 0.0013353 0.0013398 0.0013521 0.0022813 0.0086233 0.0032161 0.0013353 0.0013521 0.0004386 0.0013311 0.0000010 0.0013356 0.0064353 0.0027389 0.0046946 0.0037106 0.0057577 0.0032872 0.0027287 0.0058394 0.0046946 0.0042405 0.0086686 0.0017921 0.0027292 0.0004399 0.0037453 0.0013356 0.0085392 0.0092347 0.0018137 0.0062463 0.0022614 0.0022693 0.0013356 0.0070364 0.0022693 0.0073291 0.0027292 0.0013398 0.0013353 0.0032150 0.0036965 0.0017981 0.0027292 0.0017920 0.0022614 0.0036970 0.0018195 0.0032024 0.0041833 0.0036975 0.0063032 0.0033298 0.0057818 0.0043385 0.0041833 0.0047195 0.0042405 0.0018195 0.0068303 0.0043375 0.0068320 0.0052246 0.0043385 0.0063032 0.0057818 0.0032154 0.0013356 0.0081069 0.0092347 0.0070025 0.0092347 0.0070379 0.0027305 0.0053215 0.0059257 0.0070025 0.0080682 0.0075505 0.0074394 0.0070007 0.0068303 0.0013350 0.0036973 0.0037106 0.0022609 0.0042211 0.0057830 0.0032035 0.0057830 0.0027395 0.0037957 0.0013515 0.0032333 0.0032738 0.0018137 0.0013353 0.0004399 0.0013397 0.0085340 0.0092347 0.0022615 0.0018142 0.0022614 0.0037303 0.0042405 0.0047405 0.0036975 0.0018141 0.0063985 0.0013473 0.0064353 0.0052226 0.0032035 0.0036829 0.0027292 0.0063012 0.0037820 0.0042008 0.0027644 0.0027395 0.0032865 0.0018203 0.0086656 0.0027299 0.0036957 0.0063985 0.0027541 0.0022892 0.0013515 0.0058983 0.0032575 0.0036829 0.0041833 0.0085340 0.0085346 0.0018203 0.0057859 0.0013520 0.0058386 0.0047865 0.0057564 0.0032736 
127-DW-AnB-12_h2              0.1143663 0.0781136 0.0058157 0.0058765 0.0058765 0.0042464 0.0064350 0.0064350 0.0047666 0.0008927 0.0027896 0.0032756 0.0047666 0.0008852 0.0058743 0.0032756 0.0047871 0.0042630 0.0047683 0.0032872 0.0000000 0.0037814 0.0023019 0.0023019 0.0027896 0.0037664 0.0042647 0.0058765 0.0064325 0.0037529 0.0032766 0.0032630 0.0037667 0.0027799 0.0038174 0.0048334 0.0106810 0.0047680 0.0037667 0.0038174 0.0037814 0.0047871 0.0032872 0.0037677 0.0083280 0.0042630 0.0063389 0.0052973 0.0074817 0.0000010 0.0042810 0.0052786 0.0063389 0.0048352 0.0094393 0.0042647 0.0052973 0.0027895 0.0042078 0.0037675 0.0092921 0.0100266 0.0043218 0.0080629 0.0047872 0.0037670 0.0037675 0.0077506 0.0037670 0.0080263 0.0042464 0.0027799 0.0037667 0.0047663 0.0042648 0.0032630 0.0052973 0.0042642 0.0037526 0.0052760 0.0022729 0.0047459 0.0057895 0.0052767 0.0080694 0.0018532 0.0075164 0.0018530 0.0057895 0.0041919 0.0058753 0.0022729 0.0075200 0.0018527 0.0086287 0.0069084 0.0018530 0.0080694 0.0075164 0.0047669 0.0037677 0.0088565 0.0100266 0.0089489 0.0100266 0.0077522 0.0032630 0.0065695 0.0065950 0.0089489 0.0100842 0.0082793 0.0081522 0.0088571 0.0075200 0.0037659 0.0052764 0.0052973 0.0027805 0.0037034 0.0064359 0.0047477 0.0064359 0.0032766 0.0004402 0.0027538 0.0058758 0.0048973 0.0043218 0.0037664 0.0027895 0.0018298 0.0092863 0.0100266 0.0037529 0.0043230 0.0037526 0.0032222 0.0048352 0.0064046 0.0052767 0.0043227 0.0070780 0.0048524 0.0083280 0.0069722 0.0058157 0.0042485 0.0042464 0.0069727 0.0013314 0.0058160 0.0004437 0.0042639 0.0049231 0.0033061 0.0094360 0.0032646 0.0052740 0.0070780 0.0053501 0.0008927 0.0027538 0.0053296 0.0018148 0.0042485 0.0057895 0.0092863 0.0092870 0.0033061 0.0064343 0.0028253 0.0065004 0.0054071 0.0064046 0.0008851 
12-DW-Tar7_h2                 0.1170965 0.0800788 0.0046966 0.0057593 0.0057593 0.0032037 0.0052252 0.0052252 0.0036975 0.0027646 0.0008852 0.0004400 0.0036975 0.0037968 0.0047411 0.0004400 0.0008823 0.0032154 0.0046775 0.0004386 0.0037814 0.0000000 0.0013398 0.0013398 0.0008852 0.0017921 0.0013354 0.0047030 0.0052688 0.0027306 0.0032161 0.0022615 0.0017921 0.0008880 0.0008952 0.0018137 0.0091890 0.0027397 0.0008850 0.0008952 0.0000010 0.0008823 0.0004386 0.0008852 0.0069763 0.0032154 0.0051964 0.0042008 0.0062767 0.0037814 0.0032031 0.0063684 0.0051964 0.0047417 0.0081057 0.0013354 0.0032037 0.0008852 0.0042404 0.0008852 0.0079867 0.0098108 0.0013519 0.0067680 0.0027305 0.0027402 0.0008852 0.0075905 0.0027402 0.0078659 0.0032037 0.0008880 0.0008850 0.0036972 0.0041844 0.0022615 0.0032037 0.0022537 0.0027305 0.0041850 0.0022889 0.0036824 0.0046769 0.0041856 0.0068324 0.0038312 0.0063036 0.0048529 0.0046769 0.0052240 0.0047418 0.0022889 0.0073645 0.0048518 0.0073664 0.0057350 0.0048529 0.0068324 0.0063036 0.0036977 0.0008852 0.0086704 0.0098108 0.0075529 0.0098108 0.0075921 0.0032052 0.0058442 0.0064630 0.0075529 0.0086279 0.0081074 0.0079861 0.0075509 0.0073645 0.0008848 0.0041853 0.0042008 0.0027299 0.0047195 0.0063049 0.0036837 0.0063049 0.0032161 0.0042985 0.0018134 0.0037183 0.0037656 0.0013519 0.0017921 0.0008852 0.0017984 0.0090927 0.0098108 0.0017982 0.0013522 0.0027305 0.0042231 0.0047417 0.0052477 0.0041856 0.0013521 0.0069362 0.0008923 0.0069763 0.0057329 0.0036837 0.0041687 0.0032037 0.0068302 0.0042825 0.0046969 0.0032457 0.0032161 0.0037806 0.0013567 0.0092353 0.0032046 0.0041835 0.0069362 0.0022809 0.0027646 0.0018134 0.0064323 0.0037469 0.0041687 0.0046769 0.0090927 0.0090934 0.0013567 0.0063081 0.0018141 0.0063676 0.0052992 0.0062752 0.0037653 
