176
NC_053519.1_11964052-11965148 0.0000000 8.9999981 8.9999988 8.9999989 8.9999989 8.9999987 8.9999989 8.9999989 8.9999988 8.9999989 8.9999988 8.9999989 8.9999988 8.9999989 8.9999989 8.9999989 8.9999988 8.9999988 8.9999988 8.9999988 0.2283166 8.9999989 8.9999988 8.9999988 8.9999988 8.9999987 8.9999988 8.9999989 8.9999989 8.9999987 8.9999988 8.9999987 8.9999988 8.9999989 8.9999989 8.9999989 8.9999989 8.9999988 8.9999988 8.9999989 8.9999989 8.9999988 8.9999988 8.9999988 8.9999988 8.9999988 8.9999988 8.9999988 8.9999989 0.2283166 8.9999988 8.9999989 8.9999988 8.9999989 8.9999989 8.9999988 8.9999988 8.9999988 8.9999988 8.9999989 8.9999989 8.9999989 8.9999989 8.9999990 8.9999987 8.9999988 8.9999989 8.9999990 8.9999988 8.9999989 8.9999988 8.9999989 8.9999988 8.9999988 8.9999988 8.9999987 8.9999988 8.9999987 8.9999987 8.9999988 8.9999989 8.9999988 8.9999988 8.9999987 8.9999989 8.9999989 8.9999990 8.9999990 8.9999988 8.9999986 8.9999989 8.9999989 8.9999990 8.9999989 8.9999990 8.9999988 8.9999990 8.9999989 8.9999990 8.9999988 8.9999988 8.9999989 8.9999989 8.9999989 8.9999989 8.9999989 8.9999987 8.9999988 8.9999988 8.9999989 8.9999989 8.9999986 8.9999989 8.9999988 8.9999990 8.9999989 8.9999988 8.9999988 8.9999988 8.9999989 8.9999990 8.9999987 8.9999990 8.9999988 8.9999989 8.9999989 8.9999988 8.9999989 8.9999989 8.9999987 8.9999988 8.9999989 8.9999989 8.9999989 8.9999988 8.9999989 8.9999987 8.9999989 8.9999989 8.9999989 8.9999987 8.9999989 8.9999988 8.9999989 8.9999988 8.9999989 8.9999988 8.9999988 8.9999987 8.9999990 8.9999988 8.9999988 8.9999989 8.9999988 8.9999990 8.9999989 8.9999988 8.9999987 8.9999988 8.9999988 8.9999989 8.9999989 8.9999989 8.9999989 8.9999989 8.9999988 8.9999988 8.9999989 8.9999989 8.9999989 8.9999989 8.9999989 8.9999989 8.9999988 8.9999989 0.2243508 
NC_054081.1_14827993-14830279 8.9999981 0.0000000 0.1138789 0.1157722 0.1157722 0.1099617 0.1177258 0.1177258 0.1118894 0.1102773 0.1119681 0.1120299 0.1118894 0.1157130 0.1157456 0.1120299 0.1138162 0.1118894 0.1119876 0.1138936 0.1138884 0.1139159 0.1100659 0.1100659 0.1119681 0.1117872 0.1118557 0.1157722 0.1177363 0.1096957 0.1118610 0.1098098 0.1117875 0.1101662 0.1157439 0.1156856 0.1105726 0.1120630 0.1119208 0.1157439 0.1139159 0.1138162 0.1138936 0.1119683 0.1118269 0.1118894 0.1139539 0.1138555 0.1158027 0.1138884 0.1139030 0.1157722 0.1139539 0.1157470 0.1087614 0.1118557 0.1138555 0.1119678 0.1118894 0.1120891 0.1120621 0.1086018 0.1157013 0.1175737 0.1137756 0.1117729 0.1120891 0.1176928 0.1117729 0.1157537 0.1100659 0.1101662 0.1119208 0.1119038 0.1119737 0.1098098 0.1138555 0.1117872 0.1098098 0.1119681 0.1102075 0.1100046 0.1120628 0.1118220 0.1177418 0.1176172 0.1177418 0.1175095 0.1120628 0.1102233 0.1158027 0.1102075 0.1177157 0.1175536 0.1176835 0.1138724 0.1175095 0.1177418 0.1177418 0.1118220 0.1119683 0.1085660 0.1088437 0.1196975 0.1088437 0.1176796 0.1098098 0.1117099 0.1081034 0.1196975 0.1104466 0.1084378 0.1120756 0.1083043 0.1177157 0.1121353 0.1119540 0.1138555 0.1099348 0.1103185 0.1177098 0.1100659 0.1177098 0.1118610 0.1157246 0.1120764 0.1156891 0.1121483 0.1157013 0.1117872 0.1119678 0.1101658 0.1121214 0.1086018 0.1099195 0.1157609 0.1098098 0.1101815 0.1157470 0.1157611 0.1118220 0.1157609 0.1137473 0.1176857 0.1118269 0.1177314 0.1138789 0.1100817 0.1099617 0.1177312 0.1138656 0.1138790 0.1103694 0.1120017 0.1216920 0.1138199 0.1084739 0.1098257 0.1120017 0.1137473 0.1156421 0.1102773 0.1120764 0.1101815 0.1120945 0.1100817 0.1120628 0.1121214 0.1121079 0.1138199 0.1177886 0.1157440 0.1120490 0.1100395 0.1158129 0.1157788 
100-DW-OBP1-4_h2              8.9999988 0.1138789 0.0000000 0.0036306 0.0036306 0.0013277 0.0041080 0.0041080 0.0008803 0.0045835 0.0036164 0.0040847 0.0008803 0.0046122 0.0017880 0.0040847 0.0036244 0.0013256 0.0026809 0.0040920 0.0055895 0.0045649 0.0031462 0.0031462 0.0036164 0.0026919 0.0031532 0.0045919 0.0013328 0.0026873 0.0022255 0.0022306 0.0026920 0.0036099 0.0045933 0.0045924 0.0086957 0.0017736 0.0036179 0.0045933 0.0045649 0.0036244 0.0040920 0.0036166 0.0066596 0.0013256 0.0022300 0.0004377 0.0022428 0.0055895 0.0022305 0.0041335 0.0022300 0.0036320 0.0086730 0.0031532 0.0013277 0.0036162 0.0013352 0.0036164 0.0075876 0.0081605 0.0050721 0.0065409 0.0017767 0.0017740 0.0036164 0.0061561 0.0017740 0.0075205 0.0022287 0.0036099 0.0036179 0.0026909 0.0013254 0.0022306 0.0013277 0.0022343 0.0017768 0.0031518 0.0041079 0.0026867 0.0008800 0.0013256 0.0017832 0.0056355 0.0022390 0.0066287 0.0008800 0.0041074 0.0036297 0.0041079 0.0022386 0.0056375 0.0022388 0.0027072 0.0066287 0.0017832 0.0022390 0.0017742 0.0036166 0.0071444 0.0081605 0.0071762 0.0081605 0.0061575 0.0031475 0.0041516 0.0046684 0.0071762 0.0081810 0.0066407 0.0075870 0.0071448 0.0022386 0.0036171 0.0013249 0.0004377 0.0026868 0.0036364 0.0031584 0.0026861 0.0041086 0.0022255 0.0060927 0.0045911 0.0036460 0.0065844 0.0050721 0.0026919 0.0036162 0.0036097 0.0075837 0.0081605 0.0026873 0.0050731 0.0017768 0.0031721 0.0036320 0.0031646 0.0013256 0.0050728 0.0056138 0.0055660 0.0066596 0.0045810 0.0008817 0.0031458 0.0013277 0.0045812 0.0051036 0.0026861 0.0050619 0.0013251 0.0055883 0.0041096 0.0076491 0.0031471 0.0013251 0.0056138 0.0041182 0.0045835 0.0045911 0.0051447 0.0036309 0.0031458 0.0017735 0.0075837 0.0075843 0.0041096 0.0060568 0.0045930 0.0041329 0.0041427 0.0040990 0.0065845 
101-DW-OBP1-5_h1              8.9999989 0.1157722 0.0036306 0.0000000 0.0000010 0.0041007 0.0004385 0.0004385 0.0045835 0.0046131 0.0045831 0.0050617 0.0045835 0.0066296 0.0036095 0.0050617 0.0045936 0.0041089 0.0008853 0.0050711 0.0056264 0.0055545 0.0041007 0.0041007 0.0045831 0.0036386 0.0041102 0.0008819 0.0031400 0.0027026 0.0031728 0.0031655 0.0036388 0.0045746 0.0055897 0.0055886 0.0087513 0.0055422 0.0045850 0.0055897 0.0055545 0.0045936 0.0050711 0.0045834 0.0067009 0.0041089 0.0060396 0.0041007 0.0013226 0.0056264 0.0041179 0.0004410 0.0060396 0.0008789 0.0087293 0.0041102 0.0050715 0.0045829 0.0051034 0.0045831 0.0076347 0.0082120 0.0060790 0.0075820 0.0045938 0.0036392 0.0045831 0.0061939 0.0036392 0.0075668 0.0031642 0.0045746 0.0045850 0.0045831 0.0041103 0.0031655 0.0050715 0.0041097 0.0036320 0.0050614 0.0050911 0.0036295 0.0036381 0.0041089 0.0017732 0.0056730 0.0013249 0.0066735 0.0036381 0.0022609 0.0008784 0.0050911 0.0013254 0.0056751 0.0022249 0.0017732 0.0066735 0.0017732 0.0013249 0.0036379 0.0045834 0.0071888 0.0082120 0.0072210 0.0082120 0.0061954 0.0031655 0.0037203 0.0051878 0.0072210 0.0082338 0.0066818 0.0076341 0.0071892 0.0013254 0.0055417 0.0031719 0.0041007 0.0027036 0.0027240 0.0004386 0.0045743 0.0004386 0.0031728 0.0061333 0.0055870 0.0036672 0.0066248 0.0060790 0.0036386 0.0045829 0.0045743 0.0076308 0.0082120 0.0036323 0.0051033 0.0036320 0.0041352 0.0008789 0.0004377 0.0041089 0.0060799 0.0056478 0.0065862 0.0067009 0.0008801 0.0045919 0.0013354 0.0041007 0.0008801 0.0071165 0.0055550 0.0050948 0.0050601 0.0046493 0.0050932 0.0076970 0.0022441 0.0041094 0.0056478 0.0051041 0.0046131 0.0055870 0.0022605 0.0055919 0.0013354 0.0055419 0.0076308 0.0076314 0.0050932 0.0060935 0.0055893 0.0004410 0.0013352 0.0004377 0.0066287 
101-DW-OBP1-5_h2              8.9999989 0.1157722 0.0036306 0.0000010 0.0000000 0.0041007 0.0004385 0.0004385 0.0045835 0.0046131 0.0045831 0.0050617 0.0045835 0.0066296 0.0036095 0.0050617 0.0045936 0.0041089 0.0008853 0.0050711 0.0056264 0.0055545 0.0041007 0.0041007 0.0045831 0.0036386 0.0041102 0.0008819 0.0031400 0.0027026 0.0031728 0.0031655 0.0036388 0.0045746 0.0055897 0.0055886 0.0087513 0.0055422 0.0045850 0.0055897 0.0055545 0.0045936 0.0050711 0.0045834 0.0067009 0.0041089 0.0060396 0.0041007 0.0013226 0.0056264 0.0041179 0.0004410 0.0060396 0.0008789 0.0087293 0.0041102 0.0050715 0.0045829 0.0051034 0.0045831 0.0076347 0.0082120 0.0060790 0.0075820 0.0045938 0.0036392 0.0045831 0.0061939 0.0036392 0.0075668 0.0031642 0.0045746 0.0045850 0.0045831 0.0041103 0.0031655 0.0050715 0.0041097 0.0036320 0.0050614 0.0050911 0.0036295 0.0036381 0.0041089 0.0017732 0.0056730 0.0013249 0.0066735 0.0036381 0.0022609 0.0008784 0.0050911 0.0013254 0.0056751 0.0022249 0.0017732 0.0066735 0.0017732 0.0013249 0.0036379 0.0045834 0.0071888 0.0082120 0.0072210 0.0082120 0.0061954 0.0031655 0.0037203 0.0051878 0.0072210 0.0082338 0.0066818 0.0076341 0.0071892 0.0013254 0.0055417 0.0031719 0.0041007 0.0027036 0.0027240 0.0004386 0.0045743 0.0004386 0.0031728 0.0061333 0.0055870 0.0036672 0.0066248 0.0060790 0.0036386 0.0045829 0.0045743 0.0076308 0.0082120 0.0036323 0.0051033 0.0036320 0.0041352 0.0008789 0.0004377 0.0041089 0.0060799 0.0056478 0.0065862 0.0067009 0.0008801 0.0045919 0.0013354 0.0041007 0.0008801 0.0071165 0.0055550 0.0050948 0.0050601 0.0046493 0.0050932 0.0076970 0.0022441 0.0041094 0.0056478 0.0051041 0.0046131 0.0055870 0.0022605 0.0055919 0.0013354 0.0055419 0.0076308 0.0076314 0.0050932 0.0060935 0.0055893 0.0004410 0.0013352 0.0004377 0.0066287 
105-DW-OBP1-9_h2              8.9999987 0.1099617 0.0013277 0.0041007 0.0041007 0.0000000 0.0045829 0.0045829 0.0004385 0.0031588 0.0022250 0.0026815 0.0004385 0.0041346 0.0013352 0.0026815 0.0022305 0.0008804 0.0031400 0.0026860 0.0041258 0.0031461 0.0017703 0.0017703 0.0022250 0.0013253 0.0017740 0.0041007 0.0017911 0.0013233 0.0017738 0.0008788 0.0013254 0.0022213 0.0031652 0.0041012 0.0081424 0.0013252 0.0022258 0.0031652 0.0031461 0.0022305 0.0026860 0.0022251 0.0061331 0.0008804 0.0017766 0.0008818 0.0027022 0.0041258 0.0017769 0.0046115 0.0017766 0.0031655 0.0081226 0.0017740 0.0008818 0.0022248 0.0008868 0.0031406 0.0070553 0.0076165 0.0036312 0.0060253 0.0013276 0.0013255 0.0031406 0.0056362 0.0013255 0.0060139 0.0017703 0.0022213 0.0022258 0.0013249 0.0008803 0.0008788 0.0008818 0.0008801 0.0004377 0.0017732 0.0026964 0.0013230 0.0013252 0.0008804 0.0031712 0.0041587 0.0036388 0.0051241 0.0013252 0.0036231 0.0040998 0.0026964 0.0036381 0.0041602 0.0036386 0.0022391 0.0051241 0.0031712 0.0036388 0.0013257 0.0022251 0.0066133 0.0076165 0.0066421 0.0076165 0.0056374 0.0017710 0.0041358 0.0041682 0.0066421 0.0076353 0.0061160 0.0060654 0.0056227 0.0036381 0.0022253 0.0017734 0.0008818 0.0013230 0.0031577 0.0045835 0.0013227 0.0045835 0.0017738 0.0046119 0.0031637 0.0031659 0.0050907 0.0036312 0.0013253 0.0022248 0.0022212 0.0070518 0.0076165 0.0013233 0.0036318 0.0004377 0.0017839 0.0031655 0.0036312 0.0008804 0.0036316 0.0051049 0.0041087 0.0061331 0.0050593 0.0013277 0.0026764 0.0000010 0.0050596 0.0036531 0.0022288 0.0036242 0.0008801 0.0051020 0.0026974 0.0071117 0.0017708 0.0008801 0.0051049 0.0036325 0.0031588 0.0031637 0.0046398 0.0031647 0.0026764 0.0013252 0.0070518 0.0070523 0.0026974 0.0045854 0.0031650 0.0046108 0.0036539 0.0045727 0.0050908 
107-DW-OBP1-12_h2             8.9999989 0.1177258 0.0041080 0.0004385 0.0004385 0.0045829 0.0000000 0.0000010 0.0050715 0.0051045 0.0050711 0.0055545 0.0050715 0.0071470 0.0040840 0.0055545 0.0041096 0.0045921 0.0013352 0.0045824 0.0061323 0.0050610 0.0045829 0.0045829 0.0050711 0.0031651 0.0045936 0.0004385 0.0036090 0.0031712 0.0036471 0.0036386 0.0041175 0.0050614 0.0060919 0.0060907 0.0082107 0.0060396 0.0050732 0.0060919 0.0050610 0.0041096 0.0045824 0.0050713 0.0061828 0.0045921 0.0065431 0.0045829 0.0017730 0.0061323 0.0036386 0.0008868 0.0065431 0.0013255 0.0092731 0.0045936 0.0045829 0.0041001 0.0056008 0.0050711 0.0081622 0.0087513 0.0065862 0.0070642 0.0041097 0.0041179 0.0050711 0.0067122 0.0041179 0.0080888 0.0036371 0.0050614 0.0050732 0.0050711 0.0045938 0.0036386 0.0045829 0.0036315 0.0041097 0.0055541 0.0055870 0.0041068 0.0041168 0.0045921 0.0022285 0.0061837 0.0017761 0.0071947 0.0041168 0.0027288 0.0013247 0.0055870 0.0017767 0.0061860 0.0026859 0.0022285 0.0071947 0.0022285 0.0017761 0.0041164 0.0050713 0.0077163 0.0087513 0.0066965 0.0087513 0.0067138 0.0036386 0.0042107 0.0056944 0.0066965 0.0076988 0.0072038 0.0081616 0.0077167 0.0017767 0.0060391 0.0036460 0.0045829 0.0031723 0.0031965 0.0008819 0.0050611 0.0008819 0.0036471 0.0066456 0.0050903 0.0041500 0.0061134 0.0065862 0.0031651 0.0041001 0.0050611 0.0081580 0.0087513 0.0041100 0.0056006 0.0041097 0.0046218 0.0013255 0.0008801 0.0045921 0.0065871 0.0061561 0.0060781 0.0061828 0.0004376 0.0041080 0.0017914 0.0045829 0.0013274 0.0076376 0.0060537 0.0055911 0.0055526 0.0041589 0.0055893 0.0082307 0.0027083 0.0045927 0.0061561 0.0056015 0.0051045 0.0050903 0.0027283 0.0060944 0.0017914 0.0060393 0.0081580 0.0081586 0.0055893 0.0066021 0.0060916 0.0008867 0.0017911 0.0008801 0.0061170 
108-DW-OBP1-13_h2             8.9999989 0.1177258 0.0041080 0.0004385 0.0004385 0.0045829 0.0000010 0.0000000 0.0050715 0.0051045 0.0050711 0.0055545 0.0050715 0.0071470 0.0040840 0.0055545 0.0041096 0.0045921 0.0013352 0.0045824 0.0061323 0.0050610 0.0045829 0.0045829 0.0050711 0.0031651 0.0045936 0.0004385 0.0036090 0.0031712 0.0036471 0.0036386 0.0041175 0.0050614 0.0060919 0.0060907 0.0082107 0.0060396 0.0050732 0.0060919 0.0050610 0.0041096 0.0045824 0.0050713 0.0061828 0.0045921 0.0065431 0.0045829 0.0017730 0.0061323 0.0036386 0.0008868 0.0065431 0.0013255 0.0092731 0.0045936 0.0045829 0.0041001 0.0056008 0.0050711 0.0081622 0.0087513 0.0065862 0.0070642 0.0041097 0.0041179 0.0050711 0.0067122 0.0041179 0.0080888 0.0036371 0.0050614 0.0050732 0.0050711 0.0045938 0.0036386 0.0045829 0.0036315 0.0041097 0.0055541 0.0055870 0.0041068 0.0041168 0.0045921 0.0022285 0.0061837 0.0017761 0.0071947 0.0041168 0.0027288 0.0013247 0.0055870 0.0017767 0.0061860 0.0026859 0.0022285 0.0071947 0.0022285 0.0017761 0.0041164 0.0050713 0.0077163 0.0087513 0.0066965 0.0087513 0.0067138 0.0036386 0.0042107 0.0056944 0.0066965 0.0076988 0.0072038 0.0081616 0.0077167 0.0017767 0.0060391 0.0036460 0.0045829 0.0031723 0.0031965 0.0008819 0.0050611 0.0008819 0.0036471 0.0066456 0.0050903 0.0041500 0.0061134 0.0065862 0.0031651 0.0041001 0.0050611 0.0081580 0.0087513 0.0041100 0.0056006 0.0041097 0.0046218 0.0013255 0.0008801 0.0045921 0.0065871 0.0061561 0.0060781 0.0061828 0.0004376 0.0041080 0.0017914 0.0045829 0.0013274 0.0076376 0.0060537 0.0055911 0.0055526 0.0041589 0.0055893 0.0082307 0.0027083 0.0045927 0.0061561 0.0056015 0.0051045 0.0050903 0.0027283 0.0060944 0.0017914 0.0060393 0.0081580 0.0081586 0.0055893 0.0066021 0.0060916 0.0008867 0.0017911 0.0008801 0.0061170 
109-DW-OBP1-14_h1             8.9999988 0.1118894 0.0008803 0.0045835 0.0045835 0.0004385 0.0050715 0.0050715 0.0000000 0.0036313 0.0026864 0.0031466 0.0000010 0.0036537 0.0008853 0.0031466 0.0026922 0.0004378 0.0036095 0.0031520 0.0046119 0.0036166 0.0022252 0.0022252 0.0026864 0.0017769 0.0022308 0.0045835 0.0013352 0.0017741 0.0013232 0.0013255 0.0017770 0.0026817 0.0036388 0.0045841 0.0086763 0.0008787 0.0026875 0.0036388 0.0036166 0.0026922 0.0031520 0.0026865 0.0066465 0.0004378 0.0013252 0.0004385 0.0031712 0.0046119 0.0013254 0.0051034 0.0013252 0.0036392 0.0086548 0.0022308 0.0004385 0.0026862 0.0004410 0.0036101 0.0075723 0.0081436 0.0041093 0.0065283 0.0008802 0.0008789 0.0036101 0.0061441 0.0008789 0.0065157 0.0022252 0.0026817 0.0026875 0.0017764 0.0004377 0.0013255 0.0004385 0.0013276 0.0008803 0.0022288 0.0031642 0.0017738 0.0008786 0.0004378 0.0027024 0.0046490 0.0031655 0.0056244 0.0008786 0.0041001 0.0045825 0.0031642 0.0031649 0.0046507 0.0031653 0.0027026 0.0056244 0.0027024 0.0031655 0.0008790 0.0026865 0.0071301 0.0081436 0.0071617 0.0081436 0.0061455 0.0022260 0.0046232 0.0046598 0.0071617 0.0081641 0.0066276 0.0065721 0.0061291 0.0031649 0.0026869 0.0013228 0.0004385 0.0017738 0.0036300 0.0041011 0.0017734 0.0050723 0.0013232 0.0051039 0.0036371 0.0036396 0.0055874 0.0041093 0.0017769 0.0026862 0.0026816 0.0075685 0.0081436 0.0017741 0.0041101 0.0008803 0.0022439 0.0036392 0.0041094 0.0004378 0.0041099 0.0056032 0.0045926 0.0066465 0.0055526 0.0008803 0.0031404 0.0004385 0.0055529 0.0041344 0.0017734 0.0041013 0.0004376 0.0056000 0.0031655 0.0076335 0.0022258 0.0004376 0.0056032 0.0041108 0.0036313 0.0036371 0.0051351 0.0026971 0.0031404 0.0008786 0.0075685 0.0075690 0.0031655 0.0050744 0.0036385 0.0051028 0.0041353 0.0050601 0.0055875 
109-DW-OBP1-14_h2             8.9999989 0.1102773 0.0045835 0.0046131 0.0046131 0.0031588 0.0051045 0.0051045 0.0036313 0.0000000 0.0017868 0.0022437 0.0036313 0.0017880 0.0046119 0.0022437 0.0036390 0.0031649 0.0036323 0.0022475 0.0008855 0.0027079 0.0013328 0.0013328 0.0017868 0.0027026 0.0031659 0.0046131 0.0051031 0.0026981 0.0022444 0.0022395 0.0027028 0.0017839 0.0027243 0.0036612 0.0087326 0.0036320 0.0027028 0.0027243 0.0027079 0.0036390 0.0022475 0.0027033 0.0066876 0.0031649 0.0050604 0.0041089 0.0060650 0.0008855 0.0031717 0.0041027 0.0050604 0.0036623 0.0076829 0.0031659 0.0041089 0.0017867 0.0031407 0.0027031 0.0076192 0.0081948 0.0031907 0.0065679 0.0036392 0.0027030 0.0027031 0.0061818 0.0027030 0.0065551 0.0031588 0.0017839 0.0027028 0.0036310 0.0031660 0.0022395 0.0041089 0.0031655 0.0026979 0.0041010 0.0013228 0.0036231 0.0045734 0.0041016 0.0065717 0.0008918 0.0060778 0.0017988 0.0045734 0.0031349 0.0046121 0.0013228 0.0060801 0.0017986 0.0070693 0.0055653 0.0017988 0.0065717 0.0060778 0.0036315 0.0027033 0.0071743 0.0081948 0.0072064 0.0081948 0.0061832 0.0022395 0.0051701 0.0051780 0.0072064 0.0082156 0.0066685 0.0066123 0.0071748 0.0060801 0.0027022 0.0041013 0.0041089 0.0017843 0.0026766 0.0051053 0.0036242 0.0051053 0.0022444 0.0013356 0.0017733 0.0046130 0.0036884 0.0031907 0.0027026 0.0017867 0.0008851 0.0076153 0.0081948 0.0026981 0.0031913 0.0026979 0.0022219 0.0036623 0.0050929 0.0041016 0.0031912 0.0056371 0.0036679 0.0066876 0.0055890 0.0045835 0.0031601 0.0031588 0.0055893 0.0022397 0.0045838 0.0004379 0.0031653 0.0036984 0.0022571 0.0076812 0.0022404 0.0040999 0.0056371 0.0041349 0.0000010 0.0017733 0.0041276 0.0017748 0.0031601 0.0045734 0.0076153 0.0076159 0.0022571 0.0051046 0.0018015 0.0051362 0.0041619 0.0050929 0.0017868 
10-DW-Tar5_h1                 8.9999988 0.1119681 0.0036164 0.0045831 0.0045831 0.0022250 0.0050711 0.0050711 0.0026864 0.0017868 0.0000000 0.0004377 0.0026864 0.0027296 0.0036383 0.0004377 0.0017737 0.0022299 0.0036091 0.0004384 0.0027240 0.0008802 0.0004385 0.0004385 0.0000010 0.0017768 0.0013231 0.0045831 0.0041170 0.0017740 0.0022304 0.0013254 0.0008787 0.0008803 0.0008852 0.0017838 0.0086756 0.0026869 0.0008787 0.0008852 0.0008802 0.0017737 0.0004384 0.0008788 0.0066459 0.0022299 0.0040833 0.0031520 0.0050603 0.0027240 0.0031516 0.0051030 0.0040833 0.0036388 0.0076345 0.0013231 0.0031520 0.0008817 0.0031711 0.0008788 0.0075716 0.0081429 0.0013328 0.0065277 0.0026920 0.0017770 0.0008788 0.0061435 0.0017770 0.0065151 0.0022250 0.0008803 0.0008787 0.0026861 0.0031460 0.0013254 0.0031520 0.0022304 0.0017739 0.0031461 0.0013348 0.0026806 0.0036087 0.0031466 0.0055537 0.0027452 0.0050707 0.0036902 0.0036087 0.0040997 0.0036385 0.0013348 0.0060396 0.0036898 0.0060405 0.0045736 0.0036902 0.0055537 0.0050707 0.0026865 0.0008788 0.0071294 0.0081429 0.0071611 0.0081429 0.0061449 0.0022258 0.0046228 0.0051464 0.0071611 0.0081633 0.0066270 0.0065715 0.0061286 0.0060396 0.0008785 0.0031464 0.0031520 0.0017737 0.0036297 0.0050718 0.0026813 0.0050718 0.0022304 0.0031970 0.0017904 0.0026978 0.0036666 0.0013328 0.0017768 0.0008817 0.0008803 0.0075678 0.0081429 0.0017740 0.0013330 0.0017739 0.0031646 0.0036388 0.0041090 0.0031466 0.0013329 0.0056027 0.0017867 0.0066459 0.0055521 0.0036164 0.0031402 0.0022250 0.0055524 0.0031912 0.0036166 0.0022436 0.0022302 0.0036744 0.0013353 0.0076329 0.0022256 0.0031453 0.0056027 0.0022393 0.0017868 0.0017904 0.0051346 0.0027081 0.0031402 0.0036087 0.0075678 0.0075684 0.0013353 0.0050739 0.0008852 0.0051023 0.0041349 0.0050596 0.0036667 
10-DW-Tar5_h2                 8.9999989 0.1120299 0.0040847 0.0050617 0.0050617 0.0026815 0.0055545 0.0055545 0.0031466 0.0022437 0.0004377 0.0000000 0.0031466 0.0031976 0.0041096 0.0000010 0.0013253 0.0026865 0.0040764 0.0008802 0.0031910 0.0004384 0.0008803 0.0008803 0.0004377 0.0022305 0.0008787 0.0050617 0.0045930 0.0022259 0.0026872 0.0017740 0.0013231 0.0004385 0.0004409 0.0013328 0.0091966 0.0022303 0.0004377 0.0004409 0.0004384 0.0013253 0.0008802 0.0004377 0.0071504 0.0026865 0.0045551 0.0036166 0.0055425 0.0031910 0.0036162 0.0055897 0.0045551 0.0041102 0.0071282 0.0008787 0.0036166 0.0013277 0.0036388 0.0004377 0.0070701 0.0086573 0.0008851 0.0070221 0.0031532 0.0022308 0.0004377 0.0066438 0.0022308 0.0070083 0.0026815 0.0004385 0.0004377 0.0031463 0.0036097 0.0017740 0.0036166 0.0026871 0.0022258 0.0036098 0.0017865 0.0031396 0.0040758 0.0036103 0.0060408 0.0032160 0.0055540 0.0041688 0.0040758 0.0045735 0.0041098 0.0017865 0.0065305 0.0041682 0.0065314 0.0050510 0.0041688 0.0060408 0.0055540 0.0031467 0.0004377 0.0076362 0.0086573 0.0076706 0.0086573 0.0066454 0.0026826 0.0051059 0.0056377 0.0076706 0.0086794 0.0071298 0.0070696 0.0066274 0.0065305 0.0004376 0.0036101 0.0036166 0.0022256 0.0040997 0.0055553 0.0031406 0.0055553 0.0026872 0.0036687 0.0022471 0.0031600 0.0041418 0.0008851 0.0022305 0.0013277 0.0013255 0.0080733 0.0086573 0.0013255 0.0008853 0.0022258 0.0036312 0.0041102 0.0045840 0.0036103 0.0008852 0.0060946 0.0013349 0.0071504 0.0060391 0.0040847 0.0036029 0.0026815 0.0060394 0.0036620 0.0040850 0.0027031 0.0026869 0.0041508 0.0008868 0.0081434 0.0026822 0.0036089 0.0060946 0.0017836 0.0022437 0.0022471 0.0056246 0.0031722 0.0036029 0.0040758 0.0080733 0.0080739 0.0008868 0.0055576 0.0013329 0.0055889 0.0046130 0.0055417 0.0041419 
112-DW-OBP1-18_h1             8.9999988 0.1118894 0.0008803 0.0045835 0.0045835 0.0004385 0.0050715 0.0050715 0.0000010 0.0036313 0.0026864 0.0031466 0.0000000 0.0036537 0.0008853 0.0031466 0.0026922 0.0004378 0.0036095 0.0031520 0.0046119 0.0036166 0.0022252 0.0022252 0.0026864 0.0017769 0.0022308 0.0045835 0.0013352 0.0017741 0.0013232 0.0013255 0.0017770 0.0026817 0.0036388 0.0045841 0.0086763 0.0008787 0.0026875 0.0036388 0.0036166 0.0026922 0.0031520 0.0026865 0.0066465 0.0004378 0.0013252 0.0004385 0.0031712 0.0046119 0.0013254 0.0051034 0.0013252 0.0036392 0.0086548 0.0022308 0.0004385 0.0026862 0.0004410 0.0036101 0.0075723 0.0081436 0.0041093 0.0065283 0.0008802 0.0008789 0.0036101 0.0061441 0.0008789 0.0065157 0.0022252 0.0026817 0.0026875 0.0017764 0.0004377 0.0013255 0.0004385 0.0013276 0.0008803 0.0022288 0.0031642 0.0017738 0.0008786 0.0004378 0.0027024 0.0046490 0.0031655 0.0056244 0.0008786 0.0041001 0.0045825 0.0031642 0.0031649 0.0046507 0.0031653 0.0027026 0.0056244 0.0027024 0.0031655 0.0008790 0.0026865 0.0071301 0.0081436 0.0071617 0.0081436 0.0061455 0.0022260 0.0046232 0.0046598 0.0071617 0.0081641 0.0066276 0.0065721 0.0061291 0.0031649 0.0026869 0.0013228 0.0004385 0.0017738 0.0036300 0.0041011 0.0017734 0.0050723 0.0013232 0.0051039 0.0036371 0.0036396 0.0055874 0.0041093 0.0017769 0.0026862 0.0026816 0.0075685 0.0081436 0.0017741 0.0041101 0.0008803 0.0022439 0.0036392 0.0041094 0.0004378 0.0041099 0.0056032 0.0045926 0.0066465 0.0055526 0.0008803 0.0031404 0.0004385 0.0055529 0.0041344 0.0017734 0.0041013 0.0004376 0.0056000 0.0031655 0.0076335 0.0022258 0.0004376 0.0056032 0.0041108 0.0036313 0.0036371 0.0051351 0.0026971 0.0031404 0.0008786 0.0075685 0.0075690 0.0031655 0.0050744 0.0036385 0.0051028 0.0041353 0.0050601 0.0055875 
116-DW-AnB-1_h2               8.9999989 0.1157130 0.0046122 0.0066296 0.0066296 0.0041346 0.0071470 0.0071470 0.0036537 0.0017880 0.0027296 0.0031976 0.0036537 0.0000000 0.0046409 0.0031976 0.0046321 0.0031842 0.0055899 0.0032032 0.0008804 0.0036759 0.0022614 0.0022614 0.0027296 0.0036685 0.0041443 0.0066296 0.0051356 0.0036620 0.0031850 0.0031913 0.0036687 0.0027247 0.0036988 0.0046611 0.0098988 0.0036543 0.0036687 0.0036988 0.0036759 0.0046321 0.0032032 0.0036694 0.0077945 0.0031842 0.0050922 0.0041344 0.0071306 0.0008804 0.0041339 0.0060805 0.0050922 0.0056383 0.0088157 0.0041443 0.0041344 0.0027294 0.0031597 0.0036692 0.0087399 0.0093428 0.0041778 0.0076497 0.0036616 0.0027194 0.0036692 0.0072725 0.0027194 0.0076341 0.0041346 0.0027247 0.0036687 0.0046215 0.0041262 0.0031913 0.0041344 0.0041438 0.0036618 0.0051041 0.0022435 0.0046111 0.0046019 0.0041270 0.0066144 0.0027455 0.0061170 0.0027453 0.0046019 0.0050512 0.0056378 0.0022435 0.0071145 0.0027450 0.0071156 0.0066147 0.0027453 0.0066144 0.0061170 0.0036539 0.0036694 0.0082921 0.0093428 0.0083311 0.0093428 0.0072741 0.0031913 0.0066901 0.0062374 0.0083311 0.0093676 0.0077713 0.0077027 0.0082926 0.0071145 0.0036679 0.0041268 0.0041344 0.0036614 0.0045737 0.0061184 0.0046125 0.0071480 0.0031850 0.0013279 0.0027076 0.0056390 0.0046968 0.0041778 0.0036685 0.0027294 0.0018018 0.0087353 0.0093428 0.0036620 0.0041786 0.0036618 0.0041016 0.0056383 0.0061319 0.0041270 0.0041783 0.0067029 0.0046700 0.0077945 0.0076519 0.0046122 0.0050937 0.0041346 0.0076524 0.0013257 0.0046125 0.0013351 0.0031846 0.0056969 0.0032171 0.0088138 0.0041358 0.0041253 0.0067029 0.0051476 0.0017880 0.0027076 0.0061188 0.0017840 0.0050937 0.0046019 0.0087353 0.0087360 0.0032171 0.0061464 0.0027510 0.0071931 0.0061722 0.0071296 0.0017764 
119-DW-AnB-4_h2               8.9999989 0.1157456 0.0017880 0.0036095 0.0036095 0.0013352 0.0040840 0.0040840 0.0008853 0.0046119 0.0036383 0.0041096 0.0008853 0.0046409 0.0000000 0.0041096 0.0036464 0.0013331 0.0045835 0.0041170 0.0056249 0.0045930 0.0031651 0.0031651 0.0036383 0.0027080 0.0031722 0.0036095 0.0004385 0.0027034 0.0022395 0.0022438 0.0027081 0.0036318 0.0046217 0.0055902 0.0098087 0.0017836 0.0036398 0.0046217 0.0045930 0.0036464 0.0041170 0.0036385 0.0077254 0.0013331 0.0022432 0.0013352 0.0022301 0.0056249 0.0022437 0.0041092 0.0022432 0.0026871 0.0097832 0.0031722 0.0013352 0.0036381 0.0013427 0.0045844 0.0086621 0.0092589 0.0051037 0.0075843 0.0017868 0.0017840 0.0045844 0.0072097 0.0017840 0.0075690 0.0031651 0.0036318 0.0036398 0.0027070 0.0013329 0.0022438 0.0013352 0.0022476 0.0017869 0.0031708 0.0041332 0.0027028 0.0017835 0.0013331 0.0017736 0.0056714 0.0022255 0.0066716 0.0017835 0.0050918 0.0036087 0.0041332 0.0022251 0.0056735 0.0022253 0.0017737 0.0066716 0.0017736 0.0022255 0.0017843 0.0036385 0.0082181 0.0092589 0.0082573 0.0092589 0.0072113 0.0031664 0.0056392 0.0056851 0.0082573 0.0092832 0.0077027 0.0076364 0.0071914 0.0022251 0.0036390 0.0022389 0.0013352 0.0027029 0.0046102 0.0031403 0.0027021 0.0040846 0.0022395 0.0061315 0.0046195 0.0046228 0.0066267 0.0051037 0.0027080 0.0036381 0.0036316 0.0086576 0.0092589 0.0027034 0.0051047 0.0017869 0.0031913 0.0026871 0.0031465 0.0013331 0.0051044 0.0066461 0.0056011 0.0077254 0.0045540 0.0017880 0.0041013 0.0013352 0.0045543 0.0051356 0.0027021 0.0050934 0.0013326 0.0066422 0.0041349 0.0087353 0.0031660 0.0013326 0.0066461 0.0051056 0.0046119 0.0046195 0.0041341 0.0036530 0.0041013 0.0017835 0.0086576 0.0086583 0.0041349 0.0060953 0.0046215 0.0041086 0.0031658 0.0040752 0.0066268 
11-DW-Tar6_h1                 8.9999989 0.1120299 0.0040847 0.0050617 0.0050617 0.0026815 0.0055545 0.0055545 0.0031466 0.0022437 0.0004377 0.0000010 0.0031466 0.0031976 0.0041096 0.0000000 0.0013253 0.0026865 0.0040764 0.0008802 0.0031910 0.0004384 0.0008803 0.0008803 0.0004377 0.0022305 0.0008787 0.0050617 0.0045930 0.0022259 0.0026872 0.0017740 0.0013231 0.0004385 0.0004409 0.0013328 0.0091966 0.0022303 0.0004377 0.0004409 0.0004384 0.0013253 0.0008802 0.0004377 0.0071504 0.0026865 0.0045551 0.0036166 0.0055425 0.0031910 0.0036162 0.0055897 0.0045551 0.0041102 0.0071282 0.0008787 0.0036166 0.0013277 0.0036388 0.0004377 0.0070701 0.0086573 0.0008851 0.0070221 0.0031532 0.0022308 0.0004377 0.0066438 0.0022308 0.0070083 0.0026815 0.0004385 0.0004377 0.0031463 0.0036097 0.0017740 0.0036166 0.0026871 0.0022258 0.0036098 0.0017865 0.0031396 0.0040758 0.0036103 0.0060408 0.0032160 0.0055540 0.0041688 0.0040758 0.0045735 0.0041098 0.0017865 0.0065305 0.0041682 0.0065314 0.0050510 0.0041688 0.0060408 0.0055540 0.0031467 0.0004377 0.0076362 0.0086573 0.0076706 0.0086573 0.0066454 0.0026826 0.0051059 0.0056377 0.0076706 0.0086794 0.0071298 0.0070696 0.0066274 0.0065305 0.0004376 0.0036101 0.0036166 0.0022256 0.0040997 0.0055553 0.0031406 0.0055553 0.0026872 0.0036687 0.0022471 0.0031600 0.0041418 0.0008851 0.0022305 0.0013277 0.0013255 0.0080733 0.0086573 0.0013255 0.0008853 0.0022258 0.0036312 0.0041102 0.0045840 0.0036103 0.0008852 0.0060946 0.0013349 0.0071504 0.0060391 0.0040847 0.0036029 0.0026815 0.0060394 0.0036620 0.0040850 0.0027031 0.0026869 0.0041508 0.0008868 0.0081434 0.0026822 0.0036089 0.0060946 0.0017836 0.0022437 0.0022471 0.0056246 0.0031722 0.0036029 0.0040758 0.0080733 0.0080739 0.0008868 0.0055576 0.0013329 0.0055889 0.0046130 0.0055417 0.0041419 
11-DW-Tar6_h2                 8.9999988 0.1138162 0.0036244 0.0045936 0.0045936 0.0022305 0.0041096 0.0041096 0.0026922 0.0036390 0.0017737 0.0013253 0.0026922 0.0046321 0.0036464 0.0013253 0.0000000 0.0022347 0.0036171 0.0013229 0.0046221 0.0008786 0.0022305 0.0022305 0.0017737 0.0008805 0.0004385 0.0036319 0.0041263 0.0017776 0.0022352 0.0013281 0.0008805 0.0017769 0.0017867 0.0027025 0.0076351 0.0026912 0.0008805 0.0017867 0.0008786 0.0000010 0.0013229 0.0008802 0.0056401 0.0022347 0.0040924 0.0031588 0.0050720 0.0046221 0.0022302 0.0051149 0.0040924 0.0036469 0.0076493 0.0004385 0.0022305 0.0017737 0.0031781 0.0017737 0.0065881 0.0081638 0.0022432 0.0055417 0.0017775 0.0017806 0.0017737 0.0061585 0.0017806 0.0065308 0.0022305 0.0017769 0.0008805 0.0026919 0.0031529 0.0013281 0.0022305 0.0013257 0.0017775 0.0031530 0.0031708 0.0026863 0.0036166 0.0031534 0.0055668 0.0046594 0.0050825 0.0056374 0.0036166 0.0041090 0.0045926 0.0031708 0.0060541 0.0046611 0.0060549 0.0045840 0.0056374 0.0055668 0.0050825 0.0026923 0.0008802 0.0071473 0.0081638 0.0061444 0.0081638 0.0061599 0.0022314 0.0046335 0.0051586 0.0061444 0.0071315 0.0066434 0.0065876 0.0061435 0.0060541 0.0017731 0.0031532 0.0031588 0.0017773 0.0036377 0.0050836 0.0026871 0.0050836 0.0022352 0.0051154 0.0027019 0.0027036 0.0046109 0.0022432 0.0008805 0.0017737 0.0026871 0.0075868 0.0081638 0.0008820 0.0022436 0.0017775 0.0031715 0.0036469 0.0041183 0.0031534 0.0022435 0.0056160 0.0017834 0.0056401 0.0045827 0.0026871 0.0031470 0.0022305 0.0055655 0.0051055 0.0036246 0.0041102 0.0031521 0.0046210 0.0022477 0.0076522 0.0022311 0.0031521 0.0056160 0.0022440 0.0036390 0.0027019 0.0051467 0.0045943 0.0031470 0.0036166 0.0075868 0.0075874 0.0022477 0.0050857 0.0027029 0.0051142 0.0041443 0.0050713 0.0046110 
122-DW-AnB-7_h1               8.9999988 0.1118894 0.0013256 0.0041089 0.0041089 0.0008804 0.0045921 0.0045921 0.0004378 0.0031649 0.0022299 0.0026865 0.0004378 0.0031842 0.0013331 0.0026865 0.0022347 0.0000000 0.0031460 0.0026911 0.0041341 0.0031521 0.0017735 0.0017735 0.0022299 0.0013277 0.0017771 0.0041089 0.0017881 0.0013256 0.0008788 0.0008803 0.0013277 0.0022253 0.0031713 0.0041093 0.0081610 0.0013231 0.0022308 0.0031713 0.0031521 0.0022347 0.0026911 0.0022301 0.0061463 0.0000010 0.0017737 0.0008804 0.0036388 0.0041341 0.0008803 0.0046208 0.0017737 0.0031717 0.0081410 0.0017771 0.0008804 0.0022288 0.0008854 0.0031466 0.0070707 0.0076335 0.0036383 0.0060380 0.0013254 0.0004378 0.0031466 0.0056481 0.0004378 0.0060265 0.0017735 0.0022253 0.0022308 0.0022299 0.0008789 0.0008803 0.0008804 0.0017769 0.0013255 0.0026864 0.0027015 0.0013253 0.0013230 0.0008790 0.0031655 0.0041671 0.0027026 0.0051348 0.0013230 0.0036302 0.0041079 0.0027015 0.0036316 0.0041686 0.0036320 0.0031657 0.0051348 0.0031655 0.0027026 0.0004378 0.0022301 0.0066276 0.0076335 0.0066566 0.0076335 0.0056494 0.0017741 0.0041441 0.0046598 0.0066566 0.0076524 0.0061291 0.0060783 0.0056346 0.0036316 0.0022303 0.0017705 0.0008804 0.0013254 0.0031638 0.0036311 0.0022252 0.0045928 0.0008788 0.0046213 0.0031698 0.0031720 0.0051012 0.0036383 0.0013277 0.0022288 0.0022252 0.0070672 0.0076335 0.0013256 0.0036390 0.0013255 0.0017881 0.0031717 0.0036383 0.0008790 0.0036388 0.0051155 0.0041169 0.0061463 0.0050697 0.0013256 0.0026814 0.0008804 0.0050700 0.0046125 0.0022252 0.0036313 0.0008787 0.0051125 0.0027026 0.0071274 0.0017739 0.0008787 0.0051155 0.0036396 0.0031649 0.0031698 0.0046493 0.0031591 0.0026814 0.0013230 0.0070672 0.0070677 0.0027026 0.0045947 0.0031711 0.0046202 0.0036611 0.0045819 0.0051013 
122-DW-AnB-7_h2               8.9999988 0.1119876 0.0026809 0.0008853 0.0008853 0.0031400 0.0013352 0.0013352 0.0036095 0.0036323 0.0036091 0.0040764 0.0036095 0.0055899 0.0045835 0.0040764 0.0036171 0.0031460 0.0000000 0.0040836 0.0046131 0.0045554 0.0031400 0.0031400 0.0036091 0.0026866 0.0031470 0.0017914 0.0041007 0.0017737 0.0022312 0.0022254 0.0026868 0.0036027 0.0045836 0.0045828 0.0076468 0.0045458 0.0036106 0.0045836 0.0045554 0.0036171 0.0040836 0.0036094 0.0056482 0.0031460 0.0050293 0.0031400 0.0022385 0.0046131 0.0031527 0.0013428 0.0050293 0.0017840 0.0076284 0.0031470 0.0040840 0.0036089 0.0041091 0.0036091 0.0065707 0.0071249 0.0050613 0.0065264 0.0036172 0.0026870 0.0036091 0.0051543 0.0026870 0.0065138 0.0022246 0.0036027 0.0036106 0.0036091 0.0031471 0.0022254 0.0040840 0.0031466 0.0026819 0.0040761 0.0040995 0.0026801 0.0026862 0.0031460 0.0027019 0.0046503 0.0022427 0.0056260 0.0026862 0.0013350 0.0017830 0.0040995 0.0022435 0.0046520 0.0031646 0.0027019 0.0056260 0.0027019 0.0022427 0.0026861 0.0036094 0.0061270 0.0071249 0.0061533 0.0071249 0.0051554 0.0022254 0.0027454 0.0041752 0.0061533 0.0071422 0.0056326 0.0065702 0.0061273 0.0022435 0.0045454 0.0022306 0.0031400 0.0017743 0.0017868 0.0013354 0.0036025 0.0013354 0.0022312 0.0051053 0.0045815 0.0027072 0.0055858 0.0050613 0.0026866 0.0036089 0.0036025 0.0065674 0.0071249 0.0026821 0.0041090 0.0026819 0.0031657 0.0017840 0.0013326 0.0031460 0.0050620 0.0046300 0.0055540 0.0056482 0.0017865 0.0036158 0.0004386 0.0031400 0.0017866 0.0060672 0.0045558 0.0041024 0.0040751 0.0036600 0.0041012 0.0066228 0.0013257 0.0031464 0.0046300 0.0041097 0.0036323 0.0045815 0.0032154 0.0045854 0.0004386 0.0045455 0.0065674 0.0065679 0.0041012 0.0050729 0.0045834 0.0013426 0.0022611 0.0013326 0.0055890 
123-DW-AnB-8_h1               8.9999988 0.1138936 0.0040920 0.0050711 0.0050711 0.0026860 0.0045824 0.0045824 0.0031520 0.0022475 0.0004384 0.0008802 0.0031520 0.0032032 0.0041170 0.0008802 0.0013229 0.0026911 0.0040836 0.0000000 0.0031965 0.0004377 0.0008817 0.0008817 0.0004384 0.0013252 0.0017737 0.0041004 0.0046014 0.0022305 0.0026917 0.0017768 0.0013252 0.0013277 0.0013351 0.0022434 0.0081417 0.0031525 0.0013252 0.0013351 0.0004377 0.0013229 0.0000010 0.0013254 0.0061326 0.0026911 0.0045633 0.0036229 0.0055529 0.0031965 0.0026857 0.0056002 0.0045633 0.0041175 0.0081620 0.0017737 0.0026860 0.0004384 0.0036452 0.0013254 0.0080940 0.0086756 0.0017867 0.0060247 0.0022304 0.0022345 0.0013254 0.0066570 0.0022345 0.0070221 0.0026860 0.0013277 0.0013252 0.0031517 0.0036160 0.0017768 0.0026860 0.0017736 0.0022304 0.0036161 0.0017904 0.0031450 0.0040830 0.0036166 0.0060524 0.0032216 0.0055645 0.0041763 0.0040830 0.0045817 0.0041171 0.0017904 0.0065431 0.0041758 0.0065441 0.0050603 0.0041763 0.0060524 0.0055645 0.0031521 0.0013254 0.0076518 0.0086756 0.0066415 0.0086756 0.0066585 0.0026871 0.0051154 0.0056485 0.0066415 0.0076346 0.0071441 0.0070836 0.0066405 0.0065431 0.0013249 0.0036164 0.0036229 0.0022301 0.0041070 0.0055657 0.0031459 0.0055657 0.0026917 0.0036752 0.0013346 0.0031654 0.0031891 0.0017867 0.0013252 0.0004384 0.0013276 0.0080899 0.0086756 0.0022305 0.0017869 0.0022304 0.0036375 0.0041175 0.0045923 0.0036166 0.0017869 0.0061063 0.0013326 0.0061326 0.0050589 0.0031459 0.0036091 0.0026860 0.0060510 0.0036685 0.0040922 0.0027077 0.0026914 0.0031958 0.0017912 0.0081602 0.0026868 0.0036152 0.0061063 0.0027024 0.0022475 0.0013346 0.0056353 0.0031777 0.0036091 0.0040830 0.0080899 0.0080905 0.0017912 0.0055681 0.0013350 0.0055995 0.0046215 0.0055521 0.0031892 
127-DW-AnB-12_h2              0.2283166 0.1138884 0.0055895 0.0056264 0.0056264 0.0041258 0.0061323 0.0061323 0.0046119 0.0008855 0.0027240 0.0031910 0.0046119 0.0008804 0.0056249 0.0031910 0.0046221 0.0041341 0.0046131 0.0031965 0.0000000 0.0036682 0.0022568 0.0022568 0.0027240 0.0036608 0.0041354 0.0056264 0.0061306 0.0036544 0.0031920 0.0031847 0.0036610 0.0027192 0.0036910 0.0046509 0.0098729 0.0046128 0.0036610 0.0036910 0.0036682 0.0046221 0.0031965 0.0036617 0.0077754 0.0041341 0.0060778 0.0051031 0.0071139 0.0000010 0.0041433 0.0050952 0.0060778 0.0046523 0.0087935 0.0041354 0.0051031 0.0027238 0.0041016 0.0036615 0.0087181 0.0093188 0.0041688 0.0076314 0.0046222 0.0036614 0.0036615 0.0072550 0.0036614 0.0076159 0.0041258 0.0027192 0.0036610 0.0046115 0.0041356 0.0031847 0.0051031 0.0041350 0.0036542 0.0050929 0.0022390 0.0046011 0.0055766 0.0050937 0.0076359 0.0018127 0.0071296 0.0018125 0.0055766 0.0040938 0.0056251 0.0022390 0.0071322 0.0018123 0.0081461 0.0065994 0.0018125 0.0076359 0.0071296 0.0046121 0.0036617 0.0082715 0.0093188 0.0083103 0.0093188 0.0072566 0.0031847 0.0062129 0.0062228 0.0083103 0.0093435 0.0077513 0.0076842 0.0082720 0.0071322 0.0036602 0.0050934 0.0051031 0.0027198 0.0036245 0.0061333 0.0046025 0.0061333 0.0031920 0.0004386 0.0027021 0.0056263 0.0046864 0.0041688 0.0036608 0.0027238 0.0017982 0.0087135 0.0093188 0.0036544 0.0041696 0.0036542 0.0031602 0.0046523 0.0061179 0.0050937 0.0041693 0.0066872 0.0046598 0.0077754 0.0066287 0.0055895 0.0041276 0.0041258 0.0066290 0.0013232 0.0055899 0.0004410 0.0041346 0.0046995 0.0032104 0.0087915 0.0031860 0.0050915 0.0066872 0.0051362 0.0008855 0.0027021 0.0051267 0.0017886 0.0041276 0.0055766 0.0087135 0.0087142 0.0032104 0.0061324 0.0027454 0.0061712 0.0051706 0.0061179 0.0008802 
12-DW-Tar7_h2                 8.9999989 0.1139159 0.0045649 0.0055545 0.0055545 0.0031461 0.0050610 0.0050610 0.0036166 0.0027079 0.0008802 0.0004384 0.0036166 0.0036759 0.0045930 0.0004384 0.0008786 0.0031521 0.0045554 0.0004377 0.0036682 0.0000000 0.0013277 0.0013277 0.0008802 0.0017737 0.0013253 0.0045742 0.0050822 0.0026872 0.0031529 0.0022305 0.0017737 0.0008818 0.0008867 0.0017867 0.0086561 0.0026916 0.0008801 0.0008867 0.0000010 0.0008786 0.0004377 0.0008803 0.0066318 0.0031521 0.0050397 0.0040922 0.0060400 0.0036682 0.0031457 0.0060919 0.0050397 0.0045936 0.0076505 0.0013253 0.0031461 0.0008802 0.0041175 0.0008802 0.0075874 0.0091966 0.0013349 0.0065141 0.0026871 0.0026922 0.0008802 0.0071626 0.0026922 0.0075203 0.0031461 0.0008818 0.0008801 0.0036163 0.0040842 0.0022305 0.0031461 0.0022255 0.0026871 0.0040844 0.0022471 0.0036085 0.0045548 0.0040850 0.0065445 0.0036973 0.0060527 0.0046598 0.0045548 0.0050602 0.0045932 0.0022471 0.0070389 0.0046591 0.0070400 0.0055425 0.0046598 0.0065445 0.0060527 0.0036168 0.0008803 0.0081638 0.0091966 0.0071456 0.0091966 0.0071642 0.0031474 0.0056035 0.0061449 0.0071456 0.0081453 0.0076522 0.0075868 0.0071446 0.0070389 0.0008799 0.0040847 0.0040922 0.0026868 0.0045817 0.0060541 0.0036096 0.0060541 0.0031529 0.0041518 0.0017863 0.0036321 0.0036595 0.0013349 0.0017737 0.0008802 0.0017770 0.0086006 0.0091966 0.0017769 0.0013351 0.0026871 0.0041087 0.0045936 0.0050720 0.0040850 0.0013351 0.0066033 0.0008850 0.0066318 0.0055409 0.0036096 0.0040764 0.0031461 0.0065429 0.0041440 0.0045652 0.0031718 0.0031525 0.0036674 0.0013374 0.0086761 0.0031470 0.0040833 0.0066033 0.0022431 0.0027079 0.0017863 0.0061303 0.0036464 0.0040764 0.0045548 0.0086006 0.0086012 0.0013374 0.0060567 0.0017869 0.0060911 0.0051044 0.0060391 0.0036596 
