0.8743759 0.0157411 0.0401368 0.0628074 0.0069388
0.0000998 0.0000998 0.0000998 0.0013225 0.9983780
0.0001000 0.9413271 0.0105049 0.0138483 0.0342196
0.0001004 0.0210275 0.0001004 0.0002917 0.9784800
0.0163744 0.9352982 0.0089955 0.0107246 0.0286073
0.0000998 0.0000998 0.0000998 0.9960429 0.0036578
0.8627731 0.0445963 0.0208466 0.0584259 0.0133581
0.8553102 0.0139667 0.0567886 0.0534281 0.0205065
0.8902267 0.0131143 0.0286284 0.0597279 0.0083027
0.0103099 0.9325445 0.0106842 0.0113234 0.0351381
0.0172460 0.9606302 0.0001000 0.0001000 0.0219238
0.0205977 0.9515035 0.0068933 0.0037472 0.0172583
0.9010977 0.0254164 0.0204721 0.0445854 0.0084285
0.0000998 0.9733232 0.0019511 0.0069840 0.0176418
0.0051352 0.9664823 0.0048807 0.0001000 0.0234018
0.0070817 0.9562873 0.0054093 0.0050245 0.0261972
0.0000997 0.9783399 0.0031633 0.0000997 0.0182973
0.8843924 0.0079837 0.0452595 0.0450042 0.0173601
0.0034304 0.9663261 0.0001000 0.0001000 0.0300434
0.0000999 0.9475612 0.0052410 0.0056372 0.0414607
0.0000998 0.9695113 0.0029066 0.0041799 0.0233023
0.0000998 0.0001523 0.9976552 0.0014602 0.0006325
0.6069056 0.0337656 0.2989499 0.0567126 0.0036663
0.8395498 0.0446690 0.0374845 0.0589763 0.0193204
0.9504597 0.0149074 0.0015850 0.0329479 0.0001000
0.0094099 0.9724588 0.0030817 0.0044824 0.0105672
0.8227383 0.0714475 0.0345733 0.0711407 0.0001001
0.0210158 0.9674752 0.0001000 0.0001000 0.0113089
0.8722131 0.0342390 0.0302951 0.0610052 0.0022475
0.8928184 0.0331333 0.0231500 0.0457223 0.0051761
0.0008591 0.0000999 0.0000999 0.9984756 0.0004656
0.9377619 0.0199525 0.0128027 0.0293829 0.0001000
0.8586010 0.0609108 0.0165433 0.0638447 0.0001001
0.7888457 0.1242642 0.0513665 0.0354234 0.0001001
0.8523982 0.0533219 0.0281273 0.0660526 0.0001001
0.8940368 0.0502444 0.0092781 0.0433727 0.0030679
0.0072494 0.9477522 0.0065136 0.0111904 0.0272944
0.0282627 0.9443521 0.0010155 0.0047960 0.0215737
0.0174336 0.9463693 0.0011387 0.0042274 0.0308310
0.0000999 0.9930885 0.0053017 0.0012141 0.0002957
0.8345535 0.0901078 0.0109636 0.0586365 0.0057385
0.8424103 0.0474805 0.0432900 0.0604514 0.0063678
0.8680105 0.0543662 0.0156462 0.0618771 0.0001001
0.0001000 0.9297429 0.0112803 0.0125745 0.0463023
0.0001002 0.0072306 0.0001002 0.9888500 0.0037190
0.0075612 0.9786317 0.0016602 0.0001000 0.0120468
0.8378847 0.0381105 0.0626507 0.0543253 0.0070288
0.8474230 0.0689862 0.0369084 0.0424207 0.0042618
0.0029465 0.9789108 0.0001000 0.0001000 0.0179427
0.0235977 0.9538845 0.0012676 0.0011837 0.0200666
0.0200123 0.9697508 0.0001000 0.0014607 0.0086761
0.0211697 0.9375187 0.0058598 0.0090149 0.0264370
0.0068823 0.9108889 0.0166871 0.0247054 0.0408364
0.0304871 0.9501555 0.0005181 0.0062765 0.0125628
0.0201450 0.8965233 0.0143446 0.0243928 0.0445942
0.0037955 0.9434556 0.0070479 0.0061074 0.0395935
0.0025169 0.9735862 0.0023040 0.0049747 0.0166182
0.8881698 0.0575322 0.0176223 0.0285838 0.0080919
0.8064613 0.1283111 0.0121733 0.0529542 0.0001001
0.8631554 0.0238703 0.0485641 0.0542443 0.0101660
0.0084845 0.9545113 0.0055923 0.0062974 0.0251145
0.0181286 0.9708371 0.0001000 0.0001000 0.0108343
0.0000996 0.9899912 0.0000996 0.0000996 0.0097099
0.0026477 0.9421961 0.0033937 0.0079468 0.0438157
0.0000999 0.9940593 0.0000999 0.0000999 0.0056410
0.0142410 0.9446183 0.0014211 0.0062746 0.0334450
0.8442805 0.0572746 0.0408865 0.0449772 0.0125812
0.8868152 0.0304114 0.0265713 0.0561020 0.0001001
0.0085436 0.9613217 0.0024158 0.0001000 0.0276188
0.8826098 0.0706580 0.0126499 0.0339822 0.0001001
0.8434889 0.0643824 0.0352037 0.0474781 0.0094468
0.9162833 0.0273378 0.0242194 0.0278597 0.0042998
0.8626448 0.0321270 0.0282229 0.0521986 0.0248067
0.0109825 0.9555245 0.0080235 0.0096878 0.0157817
0.0000998 0.9798868 0.0000998 0.0000998 0.0198138
0.8430277 0.0327502 0.0394410 0.0775429 0.0072381
0.0037810 0.9830766 0.0001579 0.0002460 0.0127386
0.0000997 0.0001277 0.0012011 0.0016263 0.9969453
0.8929662 0.0001000 0.0312748 0.0567855 0.0188735
0.0140570 0.9731984 0.0001000 0.0001000 0.0125446
0.8425130 0.0733156 0.0293706 0.0542971 0.0005037
0.9156761 0.0008180 0.0249559 0.0580076 0.0005425
0.8645642 0.0689285 0.0207749 0.0423794 0.0033529
0.0183275 0.9539115 0.0005387 0.0046250 0.0225974
0.0079960 0.9516070 0.0099337 0.0081296 0.0223338
0.8844972 0.0039221 0.0433524 0.0545673 0.0136611
0.0166569 0.9617633 0.0037081 0.0001000 0.0177717
0.9127178 0.0000979 0.0000979 0.0000979 0.0869883
0.0194031 0.9625987 0.0067065 0.0016590 0.0096328
0.0001055 0.9622803 0.0111468 0.0151066 0.0113609
0.8983190 0.0423233 0.0195826 0.0396750 0.0001001
0.0247162 0.9569213 0.0001000 0.0001000 0.0181624
0.0084281 0.9604835 0.0041257 0.0116242 0.0153385
0.0261700 0.9472620 0.0038775 0.0011023 0.0215882
0.0001000 0.9716641 0.0057735 0.0056511 0.0168112
0.8948858 0.0001000 0.0330619 0.0620061 0.0099462
0.0411854 0.9585145 0.0001000 0.0001000 0.0001000
0.0394822 0.0001004 0.9574254 0.0021183 0.0008737
0.0223663 0.9425417 0.0024954 0.0072461 0.0253505
0.0285577 0.9611996 0.0001000 0.0001000 0.0100427
0.0228486 0.9604836 0.0001000 0.0009841 0.0155837
0.8519368 0.0252380 0.0484474 0.0596230 0.0147548
0.8381638 0.0986385 0.0262705 0.0368271 0.0001001
0.9342327 0.0035950 0.0001000 0.0499528 0.0121195
0.0196634 0.9543045 0.0024989 0.0053607 0.0181726
0.0351536 0.9482936 0.0001000 0.0041163 0.0123364
0.8617354 0.0269837 0.0507682 0.0514065 0.0091061
0.9118138 0.0143036 0.0312491 0.0382730 0.0043604
0.0232013 0.9329703 0.0112539 0.0107597 0.0218147
0.8792890 0.0469340 0.0173709 0.0563060 0.0001001
0.0194822 0.9629748 0.0017020 0.0015127 0.0143282
0.8970817 0.0628162 0.0001001 0.0399019 0.0001001
0.0000999 0.9483434 0.0000999 0.0008439 0.0506128
0.0268725 0.9567920 0.0003226 0.0001697 0.0158432
0.8730869 0.0584809 0.0306747 0.0376574 0.0001001
0.9036980 0.0156603 0.0206666 0.0549886 0.0049865
0.8641274 0.0539108 0.0189875 0.0536411 0.0093332
0.8119215 0.1218968 0.0260607 0.0400209 0.0001001
0.0095958 0.9797423 0.0001000 0.0030809 0.0074809
0.8928165 0.0208176 0.0226241 0.0556672 0.0080746
0.8740044 0.0091299 0.0496632 0.0555010 0.0117014
0.8416156 0.0524812 0.0178590 0.0786070 0.0094372
0.8276244 0.0417188 0.0527559 0.0720026 0.0058983
0.0670828 0.9021276 0.0092487 0.0100542 0.0114866
0.0246918 0.9519689 0.0001000 0.0001000 0.0231392
0.0211236 0.9570771 0.0003230 0.0083945 0.0130817
0.0000999 0.9827332 0.0012658 0.0045224 0.0113787
0.0212200 0.9463872 0.0001001 0.0039893 0.0283035
0.8723676 0.0627908 0.0158659 0.0488756 0.0001001
0.8700662 0.0490083 0.0344482 0.0463772 0.0001001
0.8463678 0.0802884 0.0174821 0.0557616 0.0001001
0.0000997 0.8971820 0.0154593 0.0159319 0.0713271
0.8645402 0.0184875 0.0315831 0.0813977 0.0039913
0.0001001 0.8966890 0.0219931 0.0276036 0.0536141
0.0104729 0.9706925 0.0001000 0.0021792 0.0165554
0.0083555 0.9609693 0.0015744 0.0081616 0.0209392
0.0000997 0.9178337 0.0123510 0.0113214 0.0583941
0.0001000 0.9501999 0.0115962 0.0162249 0.0218790
0.0083956 0.9782650 0.0026973 0.0001405 0.0105016
0.8909503 0.0459247 0.0218781 0.0402878 0.0009591
0.0001000 0.9140970 0.0105632 0.0250443 0.0501954
0.0001010 0.4246465 0.0001010 0.0026443 0.5725073
0.0315715 0.9513827 0.0031623 0.0001000 0.0137834
0.8734986 0.0710915 0.0213004 0.0330278 0.0010816
0.8749550 0.0412548 0.0420234 0.0416668 0.0001001
0.0309659 0.9361513 0.0001001 0.0032159 0.0295668
0.8685260 0.0473342 0.0298598 0.0524571 0.0018230
0.0080091 0.9378059 0.0094573 0.0129273 0.0318004
0.9250410 0.0080855 0.0184732 0.0354420 0.0129583
0.0050128 0.9589674 0.0001000 0.0003813 0.0355384
0.0000999 0.9366248 0.0135601 0.0107589 0.0389564
0.8362079 0.1098731 0.0187042 0.0347207 0.0004941
0.0099959 0.9564794 0.0068775 0.0108693 0.0157780
0.9598777 0.0000999 0.0064716 0.0328240 0.0007269
0.9108981 0.0000999 0.0247742 0.0583609 0.0058670
0.8899190 0.0338655 0.0324548 0.0416034 0.0021572
0.0001000 0.9464014 0.0101385 0.0001000 0.0432601
0.9287554 0.0233223 0.0001000 0.0477222 0.0001000
0.8734881 0.0717764 0.0104765 0.0441589 0.0001001
0.0150772 0.9476205 0.0081458 0.0088958 0.0202608
0.0117187 0.9819905 0.0033839 0.0028068 0.0001000
0.0000999 0.9877636 0.0008577 0.0046635 0.0066152
0.9066565 0.0550578 0.0001000 0.0380855 0.0001000
0.9200711 0.0238549 0.0167118 0.0374034 0.0019589
0.0044858 0.9686555 0.0001000 0.0001000 0.0266587
0.8928851 0.0451085 0.0173050 0.0444148 0.0002866
0.9330294 0.0503535 0.0018610 0.0146562 0.0001000
0.0001000 0.9843206 0.0069454 0.0001000 0.0085340
0.8738156 0.0619697 0.0168782 0.0379529 0.0093837
0.0367717 0.9554182 0.0001000 0.0001000 0.0076101
0.9770845 0.0000998 0.0018443 0.0208715 0.0000998
0.0217129 0.9547460 0.0001000 0.0034771 0.0199639
0.0157320 0.9659724 0.0008331 0.0008345 0.0166280
0.9133638 0.0194370 0.0207031 0.0463962 0.0001000
0.0330682 0.9544402 0.0001000 0.0001000 0.0122914
0.9031786 0.0000992 0.0288145 0.0045448 0.0633628
0.0164688 0.9480565 0.0089810 0.0080770 0.0184166
0.0126598 0.9557980 0.0054558 0.0084386 0.0176477
0.9139557 0.0503393 0.0071432 0.0262847 0.0022770
0.7495196 0.1383989 0.0339809 0.0636525 0.0144482
0.9045908 0.0487248 0.0001000 0.0464842 0.0001000
0.0342431 0.9506867 0.0001000 0.0033713 0.0115990
0.8927395 0.0379584 0.0258676 0.0433345 0.0001000
0.0211865 0.9342675 0.0063752 0.0036802 0.0344906
0.0000994 0.9355980 0.0047876 0.0148272 0.0446877
0.9061502 0.0366506 0.0153992 0.0403870 0.0014130
0.8779691 0.0594021 0.0350421 0.0274867 0.0001001
0.0282987 0.9709359 0.0001000 0.0001000 0.0005654
0.8480480 0.0752463 0.0276503 0.0444508 0.0046046
0.9497896 0.0185946 0.0001000 0.0314158 0.0001000
0.0037079 0.9589887 0.0055063 0.0131146 0.0186825
0.0121298 0.9437844 0.0076184 0.0040121 0.0324553
0.0092324 0.9547343 0.0043402 0.0103197 0.0213735
0.8832800 0.0467347 0.0183025 0.0440686 0.0076141
0.0252022 0.9744978 0.0001000 0.0001000 0.0001000
0.0000999 0.0011005 0.9985999 0.0000999 0.0000999
0.0524160 0.9277681 0.0001001 0.0001001 0.0196158
0.0313383 0.9482911 0.0001000 0.0099484 0.0103221
0.0149091 0.9669454 0.0030147 0.0063177 0.0088131
0.0300985 0.9655053 0.0001000 0.0006350 0.0036612
0.0000999 0.9989772 0.0006876 0.0000999 0.0001353
0.0000999 0.9965563 0.0000999 0.0000999 0.0031440
0.0261690 0.9502030 0.0001000 0.0001000 0.0234279
0.0000999 0.0006778 0.9990225 0.0000999 0.0000999
0.8635046 0.0649466 0.0205680 0.0508808 0.0001001
0.8973357 0.0000994 0.0325769 0.0698887 0.0000994
0.0234054 0.9601898 0.0016966 0.0004129 0.0142953
0.8761799 0.0257041 0.0321703 0.0569911 0.0089546
0.8569242 0.0071484 0.0517589 0.0577788 0.0263896
0.0257377 0.9627445 0.0021535 0.0005934 0.0087708
0.8661614 0.0253445 0.0348188 0.0727628 0.0009125
0.8764051 0.0331588 0.0253175 0.0647713 0.0003473
0.0081706 0.9544782 0.0031004 0.0074247 0.0268261
0.8425237 0.0378249 0.0520596 0.0674392 0.0001526
0.0100432 0.9680011 0.0016262 0.0001000 0.0202295
0.0043702 0.9597443 0.0055536 0.0062021 0.0241298
0.0291770 0.9316672 0.0017231 0.0001001 0.0373326
0.0063485 0.9784138 0.0016019 0.0001000 0.0135359
0.9068036 0.0146582 0.0345644 0.0422475 0.0017264
0.0152903 0.9365340 0.0152832 0.0122136 0.0206789
0.0029953 0.9694149 0.0051776 0.0045858 0.0178262
0.0001000 0.9875397 0.0029388 0.0093215 0.0001000
0.0279475 0.9383085 0.0001001 0.0047598 0.0288841
0.8386049 0.0810625 0.0293279 0.0422208 0.0087839
0.8439834 0.0511231 0.0327477 0.0576788 0.0144670
0.8604420 0.0231795 0.0289117 0.0740984 0.0133684
0.9745200 0.0000998 0.0049473 0.0203332 0.0000998
0.8295774 0.1251918 0.0068708 0.0381264 0.0002336
0.0126445 0.9749426 0.0018090 0.0001000 0.0105038
0.8439364 0.0691181 0.0455654 0.0412800 0.0001001
0.9081093 0.0540777 0.0133144 0.0243985 0.0001000
0.0001000 0.9602208 0.0109120 0.0041215 0.0246457
0.8474146 0.0772527 0.0165952 0.0567832 0.0019543
0.0028382 0.9377224 0.0081294 0.0137357 0.0375743
0.8454962 0.0760620 0.0185895 0.0597522 0.0001001
0.0134929 0.9709542 0.0001000 0.0001000 0.0153528
0.6929255 0.2403325 0.0098141 0.0510887 0.0058392
0.8455293 0.0822967 0.0329361 0.0391378 0.0001001
0.8882934 0.0317020 0.0092591 0.0565552 0.0141903
0.8669715 0.0000993 0.0544127 0.0754209 0.0030954
0.0001000 0.9308409 0.0107335 0.0163077 0.0420179
0.0152519 0.9462789 0.0069777 0.0042943 0.0271973
0.0000999 0.9517447 0.0105564 0.0090358 0.0285631
0.7524836 0.1567506 0.0268636 0.0605245 0.0033777
0.8754730 0.0044100 0.0341585 0.0701343 0.0158243
0.8970299 0.0502566 0.0241503 0.0284632 0.0001000
0.0123312 0.9420105 0.0090742 0.0042104 0.0323736
0.0214946 0.9339763 0.0075619 0.0142548 0.0227125
0.0000999 0.9508587 0.0017051 0.0050903 0.0422461
0.8250903 0.0497237 0.0254425 0.0755105 0.0242330
0.8770132 0.0000999 0.0449474 0.0658113 0.0121282
0.8507494 0.0752903 0.0295628 0.0442973 0.0001001
0.9049178 0.0000993 0.0273350 0.0034717 0.0641763
0.0184759 0.9725997 0.0010124 0.0001000 0.0078120
0.8441058 0.0630527 0.0239621 0.0687793 0.0001001
0.0419742 0.9350584 0.0013392 0.0035431 0.0180851
0.0074831 0.9499630 0.0073810 0.0074296 0.0277433
0.0234752 0.9641048 0.0001137 0.0003215 0.0119848
0.8920497 0.0835870 0.0001000 0.0241631 0.0001000
0.0562123 0.9264839 0.0001001 0.0010148 0.0161890
0.0001000 0.9346777 0.0131712 0.0131284 0.0389227
0.0365232 0.9496853 0.0001000 0.0001000 0.0135914
0.0001000 0.9820220 0.0001000 0.0034865 0.0142915
0.0000999 0.9798405 0.0006325 0.0000999 0.0193271
0.8966718 0.0000991 0.0340208 0.0206517 0.0485564
0.0000997 0.9395014 0.0027643 0.0138890 0.0437456
0.0213198 0.0001004 0.9781755 0.0001004 0.0003040
0.0077783 0.9741017 0.0001000 0.0001000 0.0179199
0.0000996 0.9571023 0.0062788 0.0099278 0.0265914
0.9258484 0.0123170 0.0279678 0.0333911 0.0004757
0.0000999 0.9208432 0.0113522 0.0210678 0.0466369
0.0052900 0.9556183 0.0133994 0.0044075 0.0212847
0.0218566 0.9535050 0.0031314 0.0061242 0.0153828
0.0001000 0.9660911 0.0080183 0.0046950 0.0210955
0.0000999 0.9637198 0.0153470 0.0200711 0.0007621
0.0026601 0.9356498 0.0090930 0.0117727 0.0408245
0.0011172 0.9080104 0.0126995 0.0268575 0.0513154
0.0001000 0.9260309 0.0113031 0.0218942 0.0406717
0.9325790 0.0168244 0.0001000 0.0340158 0.0164808
0.8445081 0.0662469 0.0142588 0.0662021 0.0087841
0.0104453 0.9434875 0.0114668 0.0132316 0.0213689
0.8654662 0.0808696 0.0225309 0.0310332 0.0001001
0.0000999 0.9545746 0.0139096 0.0190941 0.0123217
0.0000999 0.9910234 0.0000999 0.0014383 0.0073385
0.8760070 0.0117034 0.0374975 0.0493689 0.0254231
0.8784233 0.0510247 0.0151023 0.0553496 0.0001001
0.0001000 0.9320010 0.0135230 0.0218618 0.0325142
0.8956265 0.0614023 0.0001001 0.0247999 0.0180711
0.0119535 0.9755182 0.0037536 0.0029858 0.0057890
0.8794472 0.0235688 0.0261640 0.0542292 0.0165908
0.8756999 0.0493064 0.0214413 0.0534524 0.0001001
0.8948818 0.0016704 0.0408774 0.0513976 0.0111728
0.0000999 0.9706212 0.0000999 0.0034525 0.0257264
0.8485442 0.0689032 0.0283453 0.0541073 0.0001001
0.0208015 0.0001000 0.0006364 0.9783621 0.0001000
0.8657405 0.0459778 0.0119369 0.0762447 0.0001001
0.0000999 0.9738663 0.0069922 0.0072278 0.0118137
0.0001000 0.9578883 0.0090497 0.0042669 0.0286950
0.0058777 0.9665647 0.0001000 0.0007252 0.0267323
0.9235212 0.0001000 0.0167827 0.0514558 0.0081405
0.8508561 0.0457271 0.0354720 0.0607190 0.0072258
0.9071578 0.0370667 0.0120808 0.0354880 0.0082066
0.9302645 0.0000992 0.0075073 0.0000992 0.0620298
0.8810208 0.0213030 0.0210183 0.0658666 0.0107911
0.8427951 0.0609792 0.0550778 0.0410478 0.0001001
0.8695559 0.0527054 0.0294794 0.0416984 0.0065609
0.0118719 0.9677101 0.0001000 0.0001000 0.0202180
0.8792266 0.0365962 0.0375178 0.0465593 0.0001001
0.9108858 0.0000977 0.0000977 0.0000977 0.0888211
0.0303724 0.9322420 0.0041737 0.0126026 0.0206091
0.8512105 0.0285259 0.0397930 0.0723139 0.0081567
0.8946887 0.0309487 0.0233676 0.0493009 0.0016941
0.8899965 0.0000997 0.0219877 0.0877083 0.0002076
0.8926442 0.0270837 0.0183526 0.0604938 0.0014258
