168
ind0_h1    0.0000000 0.0060604 0.0060604 0.0067680 0.0053556 0.0000010 0.0031867 0.0060628 0.0067680 0.0050744 0.0053579 0.0053559 0.0060627 0.0037996 0.0060604 0.0020259 0.0039812 0.0095452 0.0044298 0.0046596 0.0037996 0.0060628 0.0039812 0.0019562 0.0053559 0.0050744 0.0060604 0.0072467 0.0060604 0.0080127 0.0053559 0.0064650 0.0122300 0.0044298 0.0044298 0.0046596 0.0053579 0.0122300 0.0072437 0.0004452 0.0087146 0.0057238 0.0057238 0.0110283 0.0037998 0.0067706 0.0067707 0.0036373 0.0014823 0.0046599 0.0004451 0.0038010 0.0064686 0.0078485 0.0004575 0.0087146 0.0087565 0.0122305 0.0060631 0.0009093 0.0050744 0.0060627 0.0053555 0.0057254 0.0134893 0.0044301 0.0080093 0.0053555 0.0060628 0.0057238 0.0009358 0.0053555 0.0074660 0.0037981 0.0063747 0.0044298 0.0046599 0.0087188 0.0072502 0.0050744 0.0046599 0.0044301 0.0067710 0.0074664 0.0020259 0.0020264 0.0060631 0.0014357 0.0060605 0.0037981 0.0095409 0.0037998 0.0067707 0.0009358 0.0009358 0.0050744 0.0009358 0.0114595 0.0060601 0.0072468 0.0046616 0.0033273 0.0078485 0.0072467 0.0025952 0.0060627 0.0030597 0.0080093 0.0004452 0.0014356 0.0050727 0.0046596 0.0060627 0.0053575 0.0060627 0.0064704 0.0053578 0.0037996 0.0050727 0.0106002 0.0067702 0.0044301 0.0114595 0.0087100 0.0031858 0.0060627 0.0050727 0.0080137 0.0106023 0.0014823 0.0033283 0.0067650 0.0014357 0.0046599 0.0053556 0.0050727 0.0129023 0.0053575 0.0004450 0.0067651 0.0009093 0.0044315 0.0039825 0.0024988 0.0060628 0.0036387 0.0004575 0.0094632 0.0080131 0.0004451 0.0067706 0.0014828 0.0080198 0.0095409 0.0095409 0.0050744 0.0046599 0.0050744 0.0036387 0.0114595 0.0053555 0.0014828 0.0122257 0.0078536 0.0046596 0.0060631 0.0014357 0.0053559 
ind0_h2    0.0060604 0.0000000 0.0031873 0.0025947 0.0038001 0.0060604 0.0030602 0.0044321 0.0025947 0.0014357 0.0038015 0.0004451 0.0009094 0.0024993 0.0031873 0.0030604 0.0025949 0.0087610 0.0019571 0.0044304 0.0024993 0.0044321 0.0025949 0.0080131 0.0038003 0.0014357 0.0020275 0.0053585 0.0000010 0.0030612 0.0038003 0.0046602 0.0110288 0.0019571 0.0030602 0.0057268 0.0038015 0.0110288 0.0004576 0.0067680 0.0080173 0.0019564 0.0009361 0.0101221 0.0036382 0.0050770 0.0037998 0.0014824 0.0036380 0.0031874 0.0053559 0.0053586 0.0060638 0.0072476 0.0072432 0.0080173 0.0039827 0.0110292 0.0031861 0.0046580 0.0036391 0.0009094 0.0025956 0.0030597 0.0078484 0.0030604 0.0009360 0.0025956 0.0020267 0.0019564 0.0057218 0.0013923 0.0044303 0.0024985 0.0024990 0.0030602 0.0031873 0.0080207 0.0067718 0.0053582 0.0031873 0.0030604 0.0038000 0.0057271 0.0030604 0.0042307 0.0031861 0.0050751 0.0031874 0.0024985 0.0056897 0.0036382 0.0037998 0.0044304 0.0044304 0.0036391 0.0044303 0.0103142 0.0020260 0.0036394 0.0044321 0.0044324 0.0072476 0.0053585 0.0036380 0.0031859 0.0031871 0.0009360 0.0067680 0.0063728 0.0004575 0.0044304 0.0020267 0.0050751 0.0020267 0.0074659 0.0024119 0.0024993 0.0024993 0.0110240 0.0037995 0.0030604 0.0103142 0.0064690 0.0019566 0.0020267 0.0024993 0.0046629 0.0095432 0.0036380 0.0057268 0.0025956 0.0050751 0.0031874 0.0038001 0.0004575 0.0103191 0.0050751 0.0053555 0.0014825 0.0046580 0.0019564 0.0050774 0.0037998 0.0031860 0.0072468 0.0072437 0.0074696 0.0009362 0.0067654 0.0013922 0.0053535 0.0087916 0.0072507 0.0072507 0.0053582 0.0031874 0.0025000 0.0072468 0.0103142 0.0024111 0.0053535 0.0060966 0.0072518 0.0057268 0.0044323 0.0056872 0.0038003 
ind100_h1  0.0060604 0.0031873 0.0000000 0.0004452 0.0025938 0.0060604 0.0030602 0.0031860 0.0004452 0.0014357 0.0025947 0.0038003 0.0020267 0.0014354 0.0000010 0.0030604 0.0025949 0.0087528 0.0009359 0.0031848 0.0014354 0.0031860 0.0025949 0.0064623 0.0004451 0.0014357 0.0009091 0.0053538 0.0031873 0.0033275 0.0004451 0.0021021 0.0110191 0.0009359 0.0019558 0.0044303 0.0025947 0.0110191 0.0039834 0.0067680 0.0080096 0.0009361 0.0019564 0.0087533 0.0014355 0.0025954 0.0037998 0.0025954 0.0036380 0.0031874 0.0067654 0.0039815 0.0019564 0.0072404 0.0072432 0.0080096 0.0014361 0.0095369 0.0009093 0.0046580 0.0024983 0.0020267 0.0004451 0.0030597 0.0060988 0.0019572 0.0046606 0.0004451 0.0020267 0.0009361 0.0057218 0.0014825 0.0031871 0.0024985 0.0024990 0.0019558 0.0009091 0.0080129 0.0024991 0.0039812 0.0009091 0.0009359 0.0013922 0.0057224 0.0030604 0.0030591 0.0009093 0.0050751 0.0031850 0.0024985 0.0072435 0.0014355 0.0037998 0.0080097 0.0080097 0.0024983 0.0044303 0.0069672 0.0031871 0.0039815 0.0031860 0.0031862 0.0072404 0.0053538 0.0024977 0.0009093 0.0020260 0.0046606 0.0067680 0.0072395 0.0024993 0.0031848 0.0009093 0.0037984 0.0018923 0.0060599 0.0025947 0.0024993 0.0004575 0.0095315 0.0025952 0.0009359 0.0103043 0.0020265 0.0030593 0.0009093 0.0004575 0.0009362 0.0095333 0.0036380 0.0044303 0.0041887 0.0050751 0.0020262 0.0025938 0.0024993 0.0103092 0.0037984 0.0053555 0.0038001 0.0046580 0.0019564 0.0038000 0.0037998 0.0031860 0.0056867 0.0072437 0.0074630 0.0033277 0.0053559 0.0025954 0.0053535 0.0074630 0.0072435 0.0025952 0.0039812 0.0031874 0.0014357 0.0056867 0.0103043 0.0025938 0.0053535 0.0060966 0.0050733 0.0044303 0.0009093 0.0056872 0.0014826 
ind100_h2  0.0067680 0.0025947 0.0004452 0.0000000 0.0031860 0.0067680 0.0036391 0.0037998 0.0000010 0.0009358 0.0031871 0.0031861 0.0014824 0.0019564 0.0004452 0.0036393 0.0031874 0.0094595 0.0014357 0.0037984 0.0019564 0.0037998 0.0031874 0.0072432 0.0009093 0.0009358 0.0013918 0.0060607 0.0025947 0.0039828 0.0009093 0.0027005 0.0116680 0.0014357 0.0024983 0.0050750 0.0031871 0.0116680 0.0033277 0.0074659 0.0087533 0.0004575 0.0014353 0.0094599 0.0019565 0.0031880 0.0031857 0.0020265 0.0042307 0.0038015 0.0074631 0.0046602 0.0024991 0.0080096 0.0080126 0.0087533 0.0009360 0.0103141 0.0004451 0.0053555 0.0030599 0.0014824 0.0009093 0.0024980 0.0052477 0.0025001 0.0039815 0.0009093 0.0014824 0.0004575 0.0063728 0.0020267 0.0025945 0.0030602 0.0019561 0.0024983 0.0013918 0.0087568 0.0030609 0.0046599 0.0013918 0.0014358 0.0009093 0.0063734 0.0036393 0.0036377 0.0004451 0.0057264 0.0037986 0.0030602 0.0064621 0.0019565 0.0031857 0.0087534 0.0087534 0.0030599 0.0050751 0.0078484 0.0025945 0.0046602 0.0037998 0.0038000 0.0080096 0.0060607 0.0030591 0.0004451 0.0025945 0.0039815 0.0074659 0.0080086 0.0019564 0.0037984 0.0004451 0.0044300 0.0013913 0.0067675 0.0031871 0.0030612 0.0009361 0.0103087 0.0020263 0.0014358 0.0110191 0.0025952 0.0036380 0.0004451 0.0009361 0.0014363 0.0103105 0.0042307 0.0050750 0.0049268 0.0057264 0.0025947 0.0031860 0.0019564 0.0110239 0.0044300 0.0060627 0.0031860 0.0053555 0.0014353 0.0044320 0.0044318 0.0025936 0.0064650 0.0080131 0.0081411 0.0026997 0.0060631 0.0020265 0.0060604 0.0081411 0.0080129 0.0031877 0.0046599 0.0038015 0.0019569 0.0064650 0.0110191 0.0031859 0.0060604 0.0052460 0.0057244 0.0050750 0.0013922 0.0064655 0.0020268 
ind101_h1  0.0053556 0.0038001 0.0025938 0.0031860 0.0000000 0.0053556 0.0024992 0.0004452 0.0031860 0.0019563 0.0009093 0.0031874 0.0025945 0.0009359 0.0025938 0.0024993 0.0009094 0.0080125 0.0014353 0.0004451 0.0009359 0.0004452 0.0009094 0.0025942 0.0020262 0.0019563 0.0025938 0.0046582 0.0038001 0.0014357 0.0020262 0.0026996 0.0103088 0.0014353 0.0004575 0.0013921 0.0009093 0.0103088 0.0030602 0.0060628 0.0072436 0.0024983 0.0024983 0.0094559 0.0019560 0.0031869 0.0009095 0.0031869 0.0030602 0.0013922 0.0060605 0.0019563 0.0039814 0.0064627 0.0064651 0.0072436 0.0046598 0.0103093 0.0025947 0.0039810 0.0009361 0.0025945 0.0020260 0.0036373 0.0087099 0.0024993 0.0024992 0.0020260 0.0013917 0.0024983 0.0037996 0.0020260 0.0013921 0.0009362 0.0019568 0.0004575 0.0014825 0.0072467 0.0046602 0.0009360 0.0014825 0.0014354 0.0031871 0.0050733 0.0024993 0.0024983 0.0025947 0.0044318 0.0004451 0.0009362 0.0080092 0.0019560 0.0009095 0.0072437 0.0072437 0.0009361 0.0037999 0.0078442 0.0013921 0.0009361 0.0013917 0.0013918 0.0064627 0.0046582 0.0019558 0.0037984 0.0014824 0.0024992 0.0060628 0.0049261 0.0030602 0.0004451 0.0025945 0.0009092 0.0037984 0.0053551 0.0020267 0.0019571 0.0019558 0.0087052 0.0044297 0.0014354 0.0095316 0.0041902 0.0024985 0.0025945 0.0019558 0.0039818 0.0087071 0.0030602 0.0024108 0.0020259 0.0044318 0.0004451 0.0000010 0.0030602 0.0095365 0.0009092 0.0046596 0.0018929 0.0039810 0.0014358 0.0018929 0.0031869 0.0004452 0.0020263 0.0044298 0.0067679 0.0024983 0.0060605 0.0031869 0.0046580 0.0067679 0.0064654 0.0049287 0.0009360 0.0013922 0.0019563 0.0020263 0.0095316 0.0009644 0.0046580 0.0069680 0.0064664 0.0013921 0.0025947 0.0031856 0.0009091 
ind101_h2  0.0000010 0.0060604 0.0060604 0.0067680 0.0053556 0.0000000 0.0031867 0.0060628 0.0067680 0.0050744 0.0053579 0.0053559 0.0060627 0.0037996 0.0060604 0.0020259 0.0039812 0.0095452 0.0044298 0.0046596 0.0037996 0.0060628 0.0039812 0.0019562 0.0053559 0.0050744 0.0060604 0.0072467 0.0060604 0.0080127 0.0053559 0.0064650 0.0122300 0.0044298 0.0044298 0.0046596 0.0053579 0.0122300 0.0072437 0.0004452 0.0087146 0.0057238 0.0057238 0.0110283 0.0037998 0.0067706 0.0067707 0.0036373 0.0014823 0.0046599 0.0004451 0.0038010 0.0064686 0.0078485 0.0004575 0.0087146 0.0087565 0.0122305 0.0060631 0.0009093 0.0050744 0.0060627 0.0053555 0.0057254 0.0134893 0.0044301 0.0080093 0.0053555 0.0060628 0.0057238 0.0009358 0.0053555 0.0074660 0.0037981 0.0063747 0.0044298 0.0046599 0.0087188 0.0072502 0.0050744 0.0046599 0.0044301 0.0067710 0.0074664 0.0020259 0.0020264 0.0060631 0.0014357 0.0060605 0.0037981 0.0095409 0.0037998 0.0067707 0.0009358 0.0009358 0.0050744 0.0009358 0.0114595 0.0060601 0.0072468 0.0046616 0.0033273 0.0078485 0.0072467 0.0025952 0.0060627 0.0030597 0.0080093 0.0004452 0.0014356 0.0050727 0.0046596 0.0060627 0.0053575 0.0060627 0.0064704 0.0053578 0.0037996 0.0050727 0.0106002 0.0067702 0.0044301 0.0114595 0.0087100 0.0031858 0.0060627 0.0050727 0.0080137 0.0106023 0.0014823 0.0033283 0.0067650 0.0014357 0.0046599 0.0053556 0.0050727 0.0129023 0.0053575 0.0004450 0.0067651 0.0009093 0.0044315 0.0039825 0.0024988 0.0060628 0.0036387 0.0004575 0.0094632 0.0080131 0.0004451 0.0067706 0.0014828 0.0080198 0.0095409 0.0095409 0.0050744 0.0046599 0.0050744 0.0036387 0.0114595 0.0053555 0.0014828 0.0122257 0.0078536 0.0046596 0.0060631 0.0014357 0.0053559 
ind102_h1  0.0031867 0.0030602 0.0030602 0.0036391 0.0024992 0.0031867 0.0000000 0.0019563 0.0036391 0.0024115 0.0014358 0.0024993 0.0030610 0.0013922 0.0030602 0.0018930 0.0014359 0.0067735 0.0018929 0.0019569 0.0013922 0.0019563 0.0014359 0.0060628 0.0024993 0.0024115 0.0030602 0.0038012 0.0030602 0.0031857 0.0024993 0.0031869 0.0087605 0.0018929 0.0018929 0.0030599 0.0014358 0.0087605 0.0038001 0.0025941 0.0060657 0.0029452 0.0029452 0.0081446 0.0024111 0.0036401 0.0024990 0.0024990 0.0013922 0.0009359 0.0037996 0.0025945 0.0044320 0.0053581 0.0039823 0.0060657 0.0050767 0.0087610 0.0030612 0.0020264 0.0013917 0.0030610 0.0024992 0.0029458 0.0087605 0.0009091 0.0044304 0.0024992 0.0030610 0.0029452 0.0030598 0.0024992 0.0030599 0.0013918 0.0024106 0.0018929 0.0019571 0.0060680 0.0050770 0.0025943 0.0019571 0.0018930 0.0036404 0.0054377 0.0018930 0.0018935 0.0030612 0.0014357 0.0030602 0.0013918 0.0067710 0.0024111 0.0024990 0.0046599 0.0046599 0.0013917 0.0019569 0.0064713 0.0030600 0.0025945 0.0009361 0.0030612 0.0053581 0.0038012 0.0013922 0.0030610 0.0019569 0.0044304 0.0025941 0.0053575 0.0024109 0.0019569 0.0030610 0.0014357 0.0030610 0.0044329 0.0014357 0.0004451 0.0024109 0.0072498 0.0036399 0.0018930 0.0080164 0.0046618 0.0009094 0.0030610 0.0024109 0.0044324 0.0072513 0.0013922 0.0019569 0.0053559 0.0014357 0.0019571 0.0024992 0.0024109 0.0094637 0.0014357 0.0025951 0.0036378 0.0020264 0.0018935 0.0024991 0.0004575 0.0030610 0.0039806 0.0039826 0.0057283 0.0044321 0.0037996 0.0024990 0.0025944 0.0057283 0.0053601 0.0053601 0.0025943 0.0009359 0.0013917 0.0039806 0.0080164 0.0024992 0.0025944 0.0072509 0.0053610 0.0030599 0.0030612 0.0027004 0.0024993 
ind102_h2  0.0060628 0.0044321 0.0031860 0.0037998 0.0004452 0.0060628 0.0019563 0.0000000 0.0037998 0.0024990 0.0004451 0.0038015 0.0031869 0.0014358 0.0031860 0.0030612 0.0013922 0.0087564 0.0019563 0.0009092 0.0014358 0.0000010 0.0013922 0.0031865 0.0025947 0.0024990 0.0031860 0.0053558 0.0044321 0.0009357 0.0025947 0.0033272 0.0110235 0.0019563 0.0009361 0.0009092 0.0004451 0.0110235 0.0036391 0.0053551 0.0080130 0.0030599 0.0030599 0.0101175 0.0024985 0.0038009 0.0004451 0.0038010 0.0036391 0.0009093 0.0067681 0.0014352 0.0046602 0.0072436 0.0072463 0.0080130 0.0053578 0.0110240 0.0031871 0.0046596 0.0004575 0.0031869 0.0025945 0.0042299 0.0095408 0.0019564 0.0030610 0.0025945 0.0018928 0.0030599 0.0044315 0.0025945 0.0009092 0.0014362 0.0014355 0.0009361 0.0020267 0.0080164 0.0053581 0.0004574 0.0020267 0.0019564 0.0038012 0.0057244 0.0030612 0.0030599 0.0031871 0.0037995 0.0009093 0.0014362 0.0087529 0.0024985 0.0004451 0.0080131 0.0080131 0.0004575 0.0044318 0.0087099 0.0018934 0.0004575 0.0009090 0.0018929 0.0072436 0.0053558 0.0024983 0.0044300 0.0020265 0.0030610 0.0053551 0.0056890 0.0036391 0.0009092 0.0031869 0.0004450 0.0044300 0.0060623 0.0014824 0.0014358 0.0024983 0.0095360 0.0050744 0.0019564 0.0103088 0.0049287 0.0030602 0.0031869 0.0024983 0.0046606 0.0095378 0.0036391 0.0018922 0.0025943 0.0037995 0.0009093 0.0004452 0.0036391 0.0103137 0.0004450 0.0053575 0.0024116 0.0046596 0.0019569 0.0013917 0.0025943 0.0009095 0.0014821 0.0050745 0.0074659 0.0030599 0.0067681 0.0025943 0.0053556 0.0074659 0.0072467 0.0056921 0.0004574 0.0009093 0.0014352 0.0014821 0.0103088 0.0014828 0.0053556 0.0078493 0.0072478 0.0009092 0.0031871 0.0037994 0.0013918 
ind104_h1  0.0067680 0.0025947 0.0004452 0.0000010 0.0031860 0.0067680 0.0036391 0.0037998 0.0000000 0.0009358 0.0031871 0.0031861 0.0014824 0.0019564 0.0004452 0.0036393 0.0031874 0.0094595 0.0014357 0.0037984 0.0019564 0.0037998 0.0031874 0.0072432 0.0009093 0.0009358 0.0013918 0.0060607 0.0025947 0.0039828 0.0009093 0.0027005 0.0116680 0.0014357 0.0024983 0.0050750 0.0031871 0.0116680 0.0033277 0.0074659 0.0087533 0.0004575 0.0014353 0.0094599 0.0019565 0.0031880 0.0031857 0.0020265 0.0042307 0.0038015 0.0074631 0.0046602 0.0024991 0.0080096 0.0080126 0.0087533 0.0009360 0.0103141 0.0004451 0.0053555 0.0030599 0.0014824 0.0009093 0.0024980 0.0052477 0.0025001 0.0039815 0.0009093 0.0014824 0.0004575 0.0063728 0.0020267 0.0025945 0.0030602 0.0019561 0.0024983 0.0013918 0.0087568 0.0030609 0.0046599 0.0013918 0.0014358 0.0009093 0.0063734 0.0036393 0.0036377 0.0004451 0.0057264 0.0037986 0.0030602 0.0064621 0.0019565 0.0031857 0.0087534 0.0087534 0.0030599 0.0050751 0.0078484 0.0025945 0.0046602 0.0037998 0.0038000 0.0080096 0.0060607 0.0030591 0.0004451 0.0025945 0.0039815 0.0074659 0.0080086 0.0019564 0.0037984 0.0004451 0.0044300 0.0013913 0.0067675 0.0031871 0.0030612 0.0009361 0.0103087 0.0020263 0.0014358 0.0110191 0.0025952 0.0036380 0.0004451 0.0009361 0.0014363 0.0103105 0.0042307 0.0050750 0.0049268 0.0057264 0.0025947 0.0031860 0.0019564 0.0110239 0.0044300 0.0060627 0.0031860 0.0053555 0.0014353 0.0044320 0.0044318 0.0025936 0.0064650 0.0080131 0.0081411 0.0026997 0.0060631 0.0020265 0.0060604 0.0081411 0.0080129 0.0031877 0.0046599 0.0038015 0.0019569 0.0064650 0.0110191 0.0031859 0.0060604 0.0052460 0.0057244 0.0050750 0.0013922 0.0064655 0.0020268 
ind105_h1  0.0050744 0.0014357 0.0014357 0.0009358 0.0019563 0.0050744 0.0024115 0.0024990 0.0009358 0.0000000 0.0019569 0.0019564 0.0004575 0.0009093 0.0014357 0.0024117 0.0019571 0.0074654 0.0004452 0.0024982 0.0009093 0.0024990 0.0019571 0.0053551 0.0019564 0.0000010 0.0014357 0.0044300 0.0014357 0.0025952 0.0019564 0.0025943 0.0094590 0.0004452 0.0013917 0.0036388 0.0019569 0.0094590 0.0020267 0.0057257 0.0067679 0.0004451 0.0004451 0.0087875 0.0018925 0.0030607 0.0019562 0.0009360 0.0029452 0.0025000 0.0057238 0.0031869 0.0037997 0.0060603 0.0060623 0.0067679 0.0020263 0.0094595 0.0014353 0.0037993 0.0018928 0.0004575 0.0009361 0.0013915 0.0049279 0.0024117 0.0025945 0.0009361 0.0004575 0.0004451 0.0048306 0.0009361 0.0024981 0.0018929 0.0009092 0.0013917 0.0014357 0.0067705 0.0044317 0.0031867 0.0014357 0.0013918 0.0019563 0.0048311 0.0024117 0.0024108 0.0014353 0.0042317 0.0024983 0.0018929 0.0046575 0.0018925 0.0019562 0.0067680 0.0067680 0.0018928 0.0036388 0.0072461 0.0014357 0.0031869 0.0024990 0.0024991 0.0060603 0.0044300 0.0018923 0.0014352 0.0014357 0.0025945 0.0057257 0.0060596 0.0009093 0.0024982 0.0004575 0.0030597 0.0014352 0.0050740 0.0019569 0.0018935 0.0009093 0.0080120 0.0019560 0.0013918 0.0087523 0.0039824 0.0024109 0.0004575 0.0009093 0.0025956 0.0080136 0.0029452 0.0036388 0.0033273 0.0042317 0.0014358 0.0019563 0.0009093 0.0087564 0.0030597 0.0044312 0.0019563 0.0037993 0.0004451 0.0030610 0.0030608 0.0014352 0.0046592 0.0060628 0.0063749 0.0014824 0.0057238 0.0009360 0.0044298 0.0063749 0.0060626 0.0046614 0.0031867 0.0025000 0.0009095 0.0046592 0.0087523 0.0019563 0.0044298 0.0034868 0.0060635 0.0036388 0.0024991 0.0046596 0.0019564 
ind106_h1  0.0053579 0.0038015 0.0025947 0.0031871 0.0009093 0.0053579 0.0014358 0.0004451 0.0031871 0.0019569 0.0000000 0.0031885 0.0025954 0.0009361 0.0025947 0.0025002 0.0009096 0.0080164 0.0014358 0.0013917 0.0009361 0.0004451 0.0009096 0.0037993 0.0020268 0.0019569 0.0025947 0.0046602 0.0038015 0.0014352 0.0020268 0.0027005 0.0103137 0.0014358 0.0014358 0.0013917 0.0000010 0.0103137 0.0030612 0.0046596 0.0072471 0.0024991 0.0024991 0.0094600 0.0019566 0.0031880 0.0009092 0.0031881 0.0030612 0.0004452 0.0060631 0.0009358 0.0039830 0.0064658 0.0064682 0.0072471 0.0046618 0.0103142 0.0025956 0.0039826 0.0009358 0.0025954 0.0020267 0.0036386 0.0087146 0.0014358 0.0036391 0.0020267 0.0013921 0.0024991 0.0050748 0.0020267 0.0013917 0.0019571 0.0019562 0.0014358 0.0014829 0.0072502 0.0046621 0.0009357 0.0014829 0.0014358 0.0031882 0.0050753 0.0025002 0.0024991 0.0025956 0.0031869 0.0013918 0.0019571 0.0080130 0.0019566 0.0009092 0.0072473 0.0072473 0.0009358 0.0038013 0.0078485 0.0024116 0.0009358 0.0004451 0.0013922 0.0064658 0.0046602 0.0019564 0.0037998 0.0014828 0.0036391 0.0046596 0.0064650 0.0030612 0.0013917 0.0025954 0.0009090 0.0037998 0.0053574 0.0009644 0.0009361 0.0019564 0.0087099 0.0044314 0.0014358 0.0095365 0.0041920 0.0024993 0.0025954 0.0019564 0.0039834 0.0087118 0.0030612 0.0013917 0.0031857 0.0031869 0.0004452 0.0009093 0.0030612 0.0095414 0.0009090 0.0046616 0.0029453 0.0039826 0.0014362 0.0009093 0.0020265 0.0013921 0.0020256 0.0044315 0.0067709 0.0024991 0.0060631 0.0020265 0.0046599 0.0067709 0.0064685 0.0049310 0.0009357 0.0004452 0.0009358 0.0020256 0.0095365 0.0020267 0.0046599 0.0069719 0.0064696 0.0013917 0.0025956 0.0031867 0.0009094 
ind106_h2  0.0053559 0.0004451 0.0038003 0.0031861 0.0031874 0.0053559 0.0024993 0.0038015 0.0031861 0.0019564 0.0031885 0.0000000 0.0013919 0.0019572 0.0038003 0.0024995 0.0020270 0.0080207 0.0024993 0.0038001 0.0019572 0.0038015 0.0020270 0.0072473 0.0031875 0.0019564 0.0025958 0.0046625 0.0004451 0.0036394 0.0031875 0.0039831 0.0103191 0.0024993 0.0024993 0.0050774 0.0031885 0.0103191 0.0009360 0.0060631 0.0072512 0.0024985 0.0014358 0.0094646 0.0030605 0.0044337 0.0031871 0.0020260 0.0030604 0.0025958 0.0046602 0.0046625 0.0053589 0.0064694 0.0064655 0.0072512 0.0046601 0.0103197 0.0025948 0.0039812 0.0030612 0.0013919 0.0031873 0.0036375 0.0087104 0.0024995 0.0014355 0.0031873 0.0025947 0.0024985 0.0050730 0.0018932 0.0038000 0.0019566 0.0030599 0.0024993 0.0025958 0.0072542 0.0060665 0.0046622 0.0025958 0.0024995 0.0031873 0.0050777 0.0024995 0.0036393 0.0025948 0.0044321 0.0025958 0.0019566 0.0064657 0.0030605 0.0031871 0.0038001 0.0038001 0.0030612 0.0038001 0.0095419 0.0025938 0.0030614 0.0038015 0.0038018 0.0064694 0.0046625 0.0030604 0.0037986 0.0025956 0.0014355 0.0060631 0.0057241 0.0009359 0.0038001 0.0025947 0.0044321 0.0025947 0.0067710 0.0018937 0.0019572 0.0030604 0.0103142 0.0044300 0.0024995 0.0095419 0.0056929 0.0014360 0.0025947 0.0030604 0.0053594 0.0087171 0.0030604 0.0050774 0.0031874 0.0044321 0.0025958 0.0031874 0.0009359 0.0095468 0.0044321 0.0046599 0.0020262 0.0039812 0.0014358 0.0044341 0.0031871 0.0025947 0.0064687 0.0064660 0.0067743 0.0014360 0.0060608 0.0018930 0.0046583 0.0081450 0.0064722 0.0064722 0.0046622 0.0025958 0.0030612 0.0064687 0.0095419 0.0018932 0.0046583 0.0069684 0.0064732 0.0050774 0.0038017 0.0049269 0.0031876 
ind107_h1  0.0060627 0.0009094 0.0020267 0.0014824 0.0025945 0.0060627 0.0030610 0.0031869 0.0014824 0.0004575 0.0025954 0.0013919 0.0000000 0.0014357 0.0020267 0.0030612 0.0025956 0.0087564 0.0009361 0.0031857 0.0014357 0.0031869 0.0025956 0.0064650 0.0025947 0.0004575 0.0020267 0.0053557 0.0009094 0.0019569 0.0025947 0.0033272 0.0110234 0.0009361 0.0019563 0.0044317 0.0025954 0.0110234 0.0014359 0.0067706 0.0080129 0.0009358 0.0009358 0.0101174 0.0024985 0.0038009 0.0025943 0.0014827 0.0036391 0.0031883 0.0067680 0.0039828 0.0046601 0.0072435 0.0072463 0.0080129 0.0027003 0.0110239 0.0020260 0.0046596 0.0024990 0.0000010 0.0014828 0.0019560 0.0060949 0.0030612 0.0019565 0.0014828 0.0009643 0.0009358 0.0057238 0.0004452 0.0031857 0.0024992 0.0014355 0.0019563 0.0020267 0.0080163 0.0053581 0.0039825 0.0020267 0.0019564 0.0025944 0.0057243 0.0030612 0.0030599 0.0020260 0.0050768 0.0031860 0.0024992 0.0056865 0.0024985 0.0025943 0.0057241 0.0057241 0.0024990 0.0044318 0.0087098 0.0020265 0.0024992 0.0031869 0.0031871 0.0072435 0.0053558 0.0024983 0.0020258 0.0020265 0.0019565 0.0067706 0.0050724 0.0014357 0.0031857 0.0009643 0.0037995 0.0020258 0.0060622 0.0013922 0.0025000 0.0014357 0.0095358 0.0025941 0.0019564 0.0103087 0.0049287 0.0030602 0.0009643 0.0014357 0.0033291 0.0095377 0.0036391 0.0044317 0.0025945 0.0050768 0.0020267 0.0025945 0.0014357 0.0103136 0.0037995 0.0053575 0.0025945 0.0046596 0.0009358 0.0038012 0.0038010 0.0020259 0.0056890 0.0072468 0.0074658 0.0009359 0.0067680 0.0004452 0.0053555 0.0074658 0.0072466 0.0056920 0.0039825 0.0031883 0.0014361 0.0056890 0.0103087 0.0013918 0.0053555 0.0044358 0.0072477 0.0044317 0.0031871 0.0056895 0.0025947 
ind107_h2  0.0037996 0.0024993 0.0014354 0.0019564 0.0009359 0.0037996 0.0013922 0.0014358 0.0019564 0.0009093 0.0009361 0.0019572 0.0014357 0.0000000 0.0014354 0.0013923 0.0009362 0.0060626 0.0004451 0.0014353 0.0000010 0.0014358 0.0009362 0.0039809 0.0009359 0.0009093 0.0014354 0.0031859 0.0024993 0.0025945 0.0009359 0.0014824 0.0080125 0.0004451 0.0004451 0.0024991 0.0009361 0.0080125 0.0031874 0.0044315 0.0053557 0.0013918 0.0013918 0.0074630 0.0009092 0.0019569 0.0019569 0.0019569 0.0018930 0.0014363 0.0044301 0.0020267 0.0025946 0.0046582 0.0046596 0.0053557 0.0031868 0.0080129 0.0014358 0.0025944 0.0009093 0.0014357 0.0009359 0.0024106 0.0064680 0.0013923 0.0038001 0.0009359 0.0014358 0.0013918 0.0036376 0.0009359 0.0024991 0.0009094 0.0018928 0.0004451 0.0004575 0.0053577 0.0031870 0.0020265 0.0004575 0.0004451 0.0019570 0.0036380 0.0013923 0.0013918 0.0014358 0.0030610 0.0014354 0.0009094 0.0060603 0.0009092 0.0019569 0.0053559 0.0053559 0.0009093 0.0024992 0.0056893 0.0024992 0.0020267 0.0014358 0.0014358 0.0046582 0.0031859 0.0009091 0.0024983 0.0004575 0.0038001 0.0044315 0.0046576 0.0018930 0.0014353 0.0014357 0.0019563 0.0024983 0.0037992 0.0009361 0.0009096 0.0009091 0.0064649 0.0030597 0.0004451 0.0072430 0.0027005 0.0013919 0.0014357 0.0009091 0.0025949 0.0064664 0.0018930 0.0024991 0.0033262 0.0030610 0.0004575 0.0009359 0.0018930 0.0072466 0.0019563 0.0031867 0.0030602 0.0025944 0.0004452 0.0019570 0.0019569 0.0014358 0.0033270 0.0046599 0.0050746 0.0025947 0.0044301 0.0019569 0.0031858 0.0050746 0.0046598 0.0033285 0.0020265 0.0014363 0.0009093 0.0033270 0.0072430 0.0009359 0.0031858 0.0049291 0.0046605 0.0024991 0.0014358 0.0033273 0.0009359 
ind108_h2  0.0060604 0.0031873 0.0000010 0.0004452 0.0025938 0.0060604 0.0030602 0.0031860 0.0004452 0.0014357 0.0025947 0.0038003 0.0020267 0.0014354 0.0000000 0.0030604 0.0025949 0.0087528 0.0009359 0.0031848 0.0014354 0.0031860 0.0025949 0.0064623 0.0004451 0.0014357 0.0009091 0.0053538 0.0031873 0.0033275 0.0004451 0.0021021 0.0110191 0.0009359 0.0019558 0.0044303 0.0025947 0.0110191 0.0039834 0.0067680 0.0080096 0.0009361 0.0019564 0.0087533 0.0014355 0.0025954 0.0037998 0.0025954 0.0036380 0.0031874 0.0067654 0.0039815 0.0019564 0.0072404 0.0072432 0.0080096 0.0014361 0.0095369 0.0009093 0.0046580 0.0024983 0.0020267 0.0004451 0.0030597 0.0060988 0.0019572 0.0046606 0.0004451 0.0020267 0.0009361 0.0057218 0.0014825 0.0031871 0.0024985 0.0024990 0.0019558 0.0009091 0.0080129 0.0024991 0.0039812 0.0009091 0.0009359 0.0013922 0.0057224 0.0030604 0.0030591 0.0009093 0.0050751 0.0031850 0.0024985 0.0072435 0.0014355 0.0037998 0.0080097 0.0080097 0.0024983 0.0044303 0.0069672 0.0031871 0.0039815 0.0031860 0.0031862 0.0072404 0.0053538 0.0024977 0.0009093 0.0020260 0.0046606 0.0067680 0.0072395 0.0024993 0.0031848 0.0009093 0.0037984 0.0018923 0.0060599 0.0025947 0.0024993 0.0004575 0.0095315 0.0025952 0.0009359 0.0103043 0.0020265 0.0030593 0.0009093 0.0004575 0.0009362 0.0095333 0.0036380 0.0044303 0.0041887 0.0050751 0.0020262 0.0025938 0.0024993 0.0103092 0.0037984 0.0053555 0.0038001 0.0046580 0.0019564 0.0038000 0.0037998 0.0031860 0.0056867 0.0072437 0.0074630 0.0033277 0.0053559 0.0025954 0.0053535 0.0074630 0.0072435 0.0025952 0.0039812 0.0031874 0.0014357 0.0056867 0.0103043 0.0025938 0.0053535 0.0060966 0.0050733 0.0044303 0.0009093 0.0056872 0.0014826 
ind109_h1  0.0020259 0.0030604 0.0030604 0.0036393 0.0024993 0.0020259 0.0018930 0.0030612 0.0036393 0.0024117 0.0025002 0.0024995 0.0030612 0.0013923 0.0030604 0.0000000 0.0014360 0.0067739 0.0018930 0.0030602 0.0013923 0.0030612 0.0014360 0.0033273 0.0024995 0.0024117 0.0030604 0.0050753 0.0030604 0.0044321 0.0024995 0.0031871 0.0087610 0.0018930 0.0018930 0.0019570 0.0025002 0.0087610 0.0038003 0.0025943 0.0060661 0.0029454 0.0029454 0.0081450 0.0013924 0.0036403 0.0036404 0.0024992 0.0004451 0.0019572 0.0025936 0.0025965 0.0031885 0.0053585 0.0026994 0.0060661 0.0050770 0.0087614 0.0030614 0.0031858 0.0024117 0.0030612 0.0024993 0.0040532 0.0087610 0.0018932 0.0044307 0.0024993 0.0030612 0.0029454 0.0019557 0.0024993 0.0042323 0.0013919 0.0034949 0.0018930 0.0019572 0.0060684 0.0038029 0.0038013 0.0019572 0.0018932 0.0036406 0.0042325 0.0000010 0.0009093 0.0030614 0.0014357 0.0030604 0.0013919 0.0067714 0.0013924 0.0036404 0.0033262 0.0033262 0.0024117 0.0009359 0.0080169 0.0030602 0.0038015 0.0030612 0.0009362 0.0053585 0.0050754 0.0013923 0.0042307 0.0019571 0.0044307 0.0025943 0.0039809 0.0024111 0.0030602 0.0030612 0.0036391 0.0042307 0.0044332 0.0025001 0.0013923 0.0024111 0.0072502 0.0048326 0.0018932 0.0080169 0.0046621 0.0018926 0.0030612 0.0024111 0.0044327 0.0072518 0.0004451 0.0019570 0.0053563 0.0014357 0.0019572 0.0024993 0.0024111 0.0080207 0.0036391 0.0025934 0.0036380 0.0031858 0.0018936 0.0014363 0.0024992 0.0030612 0.0053579 0.0026996 0.0070179 0.0044324 0.0025936 0.0036404 0.0025945 0.0057287 0.0067714 0.0053605 0.0038013 0.0019572 0.0024117 0.0053579 0.0080169 0.0024993 0.0025945 0.0072513 0.0053613 0.0019570 0.0030614 0.0039812 0.0024995 
ind111_h1  0.0039812 0.0025949 0.0025949 0.0031874 0.0009094 0.0039812 0.0014359 0.0013922 0.0031874 0.0019571 0.0009096 0.0020270 0.0025956 0.0009362 0.0025949 0.0014360 0.0000000 0.0080170 0.0014359 0.0013918 0.0009362 0.0013922 0.0000010 0.0037996 0.0020270 0.0019571 0.0025949 0.0046605 0.0025949 0.0024992 0.0020270 0.0027008 0.0103144 0.0014359 0.0014359 0.0024117 0.0009096 0.0103144 0.0019566 0.0046599 0.0072477 0.0024993 0.0024993 0.0094606 0.0019567 0.0031883 0.0018935 0.0020267 0.0019566 0.0004452 0.0046583 0.0019571 0.0039834 0.0064664 0.0049266 0.0072477 0.0046622 0.0103149 0.0025958 0.0026996 0.0019571 0.0025956 0.0020269 0.0036389 0.0087153 0.0014360 0.0024985 0.0020269 0.0013922 0.0024993 0.0037984 0.0020269 0.0024117 0.0009360 0.0030610 0.0014359 0.0014831 0.0072508 0.0046625 0.0019569 0.0014831 0.0014360 0.0031885 0.0050757 0.0014360 0.0024993 0.0025958 0.0031871 0.0013919 0.0009360 0.0080136 0.0019567 0.0018935 0.0056876 0.0056876 0.0019571 0.0025947 0.0078492 0.0013918 0.0019571 0.0013922 0.0013923 0.0064664 0.0046606 0.0019566 0.0038001 0.0014830 0.0024985 0.0046599 0.0064655 0.0019566 0.0013918 0.0025956 0.0018929 0.0038001 0.0053578 0.0020275 0.0009362 0.0019566 0.0087106 0.0044318 0.0014360 0.0095372 0.0041924 0.0014355 0.0025956 0.0019566 0.0039838 0.0087125 0.0019566 0.0024117 0.0031860 0.0031871 0.0004452 0.0009094 0.0019566 0.0095420 0.0018929 0.0033273 0.0018925 0.0026996 0.0014363 0.0018936 0.0020267 0.0013922 0.0031867 0.0031858 0.0067714 0.0024993 0.0046583 0.0031883 0.0033263 0.0067714 0.0064691 0.0049314 0.0019569 0.0004452 0.0019571 0.0031867 0.0095372 0.0020269 0.0033263 0.0069725 0.0064701 0.0024117 0.0025958 0.0020259 0.0009094 
ind112_h1  0.0095452 0.0087610 0.0087528 0.0094595 0.0080125 0.0095452 0.0067735 0.0087564 0.0094595 0.0074654 0.0080164 0.0080207 0.0087564 0.0060626 0.0087528 0.0067739 0.0080170 0.0000000 0.0067675 0.0072462 0.0060626 0.0087564 0.0080170 0.0122245 0.0080129 0.0074654 0.0072466 0.0030594 0.0087610 0.0110235 0.0080129 0.0048308 0.0009356 0.0067675 0.0067675 0.0087605 0.0080164 0.0009356 0.0103193 0.0103225 0.0025938 0.0081407 0.0067705 0.0009089 0.0060630 0.0044275 0.0094632 0.0094632 0.0060680 0.0087611 0.0087188 0.0087146 0.0053553 0.0031863 0.0114648 0.0025938 0.0074621 0.0019553 0.0087568 0.0095403 0.0074654 0.0087564 0.0080125 0.0053566 0.0054322 0.0081446 0.0110289 0.0080125 0.0087564 0.0081407 0.0087600 0.0080125 0.0101212 0.0074659 0.0087902 0.0067675 0.0072466 0.0004450 0.0046574 0.0103132 0.0072466 0.0067679 0.0080123 0.0025940 0.0067739 0.0053597 0.0087568 0.0080236 0.0072467 0.0074659 0.0044307 0.0060630 0.0094632 0.0106069 0.0106069 0.0074654 0.0072533 0.0036357 0.0101213 0.0103137 0.0072497 0.0072502 0.0031863 0.0046591 0.0046614 0.0087564 0.0072461 0.0110289 0.0103225 0.0114587 0.0074692 0.0072462 0.0087564 0.0080159 0.0072497 0.0026997 0.0080163 0.0074692 0.0074626 0.0019559 0.0057229 0.0067679 0.0014354 0.0050726 0.0053601 0.0087564 0.0074626 0.0110246 0.0046614 0.0060680 0.0072533 0.0114541 0.0080236 0.0072467 0.0080125 0.0074692 0.0014350 0.0080159 0.0103176 0.0094638 0.0095403 0.0067705 0.0080202 0.0080198 0.0087564 0.0128968 0.0114655 0.0014349 0.0095414 0.0103181 0.0094631 0.0087141 0.0014349 0.0031849 0.0044279 0.0103132 0.0087611 0.0074654 0.0128968 0.0014354 0.0080125 0.0087141 0.0087908 0.0049310 0.0087605 0.0072429 0.0114596 0.0080130 
ind113_h1  0.0044298 0.0019571 0.0009359 0.0014357 0.0014353 0.0044298 0.0018929 0.0019563 0.0014357 0.0004452 0.0014358 0.0024993 0.0009361 0.0004451 0.0009359 0.0018930 0.0014359 0.0067675 0.0000000 0.0019557 0.0004451 0.0019563 0.0014359 0.0046576 0.0014354 0.0004452 0.0009359 0.0037983 0.0019571 0.0020265 0.0014354 0.0020259 0.0087523 0.0000010 0.0009090 0.0030599 0.0014358 0.0087523 0.0025956 0.0050744 0.0060603 0.0009093 0.0009093 0.0081377 0.0013915 0.0024990 0.0024990 0.0014361 0.0024109 0.0019571 0.0050727 0.0025945 0.0031859 0.0053534 0.0053552 0.0060603 0.0025952 0.0087528 0.0019564 0.0031856 0.0013917 0.0009361 0.0004575 0.0018927 0.0056916 0.0018930 0.0031871 0.0004575 0.0009361 0.0009093 0.0042286 0.0004575 0.0030599 0.0013918 0.0013920 0.0009090 0.0009359 0.0060626 0.0037997 0.0025943 0.0009359 0.0009091 0.0024991 0.0042291 0.0018930 0.0018923 0.0019564 0.0036388 0.0019558 0.0013918 0.0053554 0.0013915 0.0024990 0.0060604 0.0060604 0.0013917 0.0030600 0.0064649 0.0019569 0.0025945 0.0019563 0.0019564 0.0053534 0.0037983 0.0013914 0.0019563 0.0009358 0.0031871 0.0050744 0.0053528 0.0013922 0.0019557 0.0009361 0.0024982 0.0019563 0.0044294 0.0014357 0.0013922 0.0004451 0.0072426 0.0024988 0.0009091 0.0080086 0.0033272 0.0018925 0.0009361 0.0004451 0.0020269 0.0072441 0.0024109 0.0030599 0.0026996 0.0036388 0.0009359 0.0014353 0.0013922 0.0080125 0.0024982 0.0037993 0.0024992 0.0031856 0.0009093 0.0024991 0.0024990 0.0019563 0.0039806 0.0053556 0.0057236 0.0020267 0.0050727 0.0014361 0.0037981 0.0057236 0.0053554 0.0039824 0.0025943 0.0019571 0.0004452 0.0039806 0.0080086 0.0014353 0.0037981 0.0041921 0.0053562 0.0030599 0.0019564 0.0039810 0.0014354 
ind114_h1  0.0046596 0.0044304 0.0031848 0.0037984 0.0004451 0.0046596 0.0019569 0.0009092 0.0037984 0.0024982 0.0013917 0.0038001 0.0031857 0.0014353 0.0031848 0.0030602 0.0013918 0.0072462 0.0019557 0.0000000 0.0014353 0.0009092 0.0013918 0.0031853 0.0025938 0.0024982 0.0031848 0.0039811 0.0044304 0.0019562 0.0025938 0.0033260 0.0095360 0.0019557 0.0009358 0.0018928 0.0013917 0.0095360 0.0036378 0.0053575 0.0064654 0.0030589 0.0030589 0.0087529 0.0024977 0.0037995 0.0013920 0.0037996 0.0024992 0.0018929 0.0053556 0.0024982 0.0046582 0.0056870 0.0056891 0.0064654 0.0053554 0.0095365 0.0031860 0.0033271 0.0014357 0.0031857 0.0025936 0.0030595 0.0095360 0.0030602 0.0030600 0.0025936 0.0018922 0.0030589 0.0031867 0.0025936 0.0018928 0.0014358 0.0024988 0.0009358 0.0020260 0.0064681 0.0053558 0.0014356 0.0020260 0.0019558 0.0037998 0.0057221 0.0030602 0.0019563 0.0031860 0.0038010 0.0009091 0.0014358 0.0072431 0.0024977 0.0013920 0.0064655 0.0064655 0.0014357 0.0031869 0.0069668 0.0018928 0.0014357 0.0009092 0.0018924 0.0056870 0.0039812 0.0014353 0.0031857 0.0020259 0.0030600 0.0053575 0.0041896 0.0036378 0.0000010 0.0031857 0.0004452 0.0031857 0.0046592 0.0025945 0.0024992 0.0024975 0.0078436 0.0037993 0.0019558 0.0087052 0.0049264 0.0019565 0.0031857 0.0024975 0.0046587 0.0078455 0.0024992 0.0018928 0.0025934 0.0038010 0.0009091 0.0004451 0.0036378 0.0103088 0.0004452 0.0039823 0.0024108 0.0033271 0.0019563 0.0024108 0.0025953 0.0009092 0.0025940 0.0037994 0.0060626 0.0030589 0.0053556 0.0037995 0.0039810 0.0060626 0.0056893 0.0056893 0.0014356 0.0018929 0.0024982 0.0025940 0.0087052 0.0014824 0.0039810 0.0078449 0.0056903 0.0018928 0.0031860 0.0025942 0.0013914 
ind114_h2  0.0037996 0.0024993 0.0014354 0.0019564 0.0009359 0.0037996 0.0013922 0.0014358 0.0019564 0.0009093 0.0009361 0.0019572 0.0014357 0.0000010 0.0014354 0.0013923 0.0009362 0.0060626 0.0004451 0.0014353 0.0000000 0.0014358 0.0009362 0.0039809 0.0009359 0.0009093 0.0014354 0.0031859 0.0024993 0.0025945 0.0009359 0.0014824 0.0080125 0.0004451 0.0004451 0.0024991 0.0009361 0.0080125 0.0031874 0.0044315 0.0053557 0.0013918 0.0013918 0.0074630 0.0009092 0.0019569 0.0019569 0.0019569 0.0018930 0.0014363 0.0044301 0.0020267 0.0025946 0.0046582 0.0046596 0.0053557 0.0031868 0.0080129 0.0014358 0.0025944 0.0009093 0.0014357 0.0009359 0.0024106 0.0064680 0.0013923 0.0038001 0.0009359 0.0014358 0.0013918 0.0036376 0.0009359 0.0024991 0.0009094 0.0018928 0.0004451 0.0004575 0.0053577 0.0031870 0.0020265 0.0004575 0.0004451 0.0019570 0.0036380 0.0013923 0.0013918 0.0014358 0.0030610 0.0014354 0.0009094 0.0060603 0.0009092 0.0019569 0.0053559 0.0053559 0.0009093 0.0024992 0.0056893 0.0024992 0.0020267 0.0014358 0.0014358 0.0046582 0.0031859 0.0009091 0.0024983 0.0004575 0.0038001 0.0044315 0.0046576 0.0018930 0.0014353 0.0014357 0.0019563 0.0024983 0.0037992 0.0009361 0.0009096 0.0009091 0.0064649 0.0030597 0.0004451 0.0072430 0.0027005 0.0013919 0.0014357 0.0009091 0.0025949 0.0064664 0.0018930 0.0024991 0.0033262 0.0030610 0.0004575 0.0009359 0.0018930 0.0072466 0.0019563 0.0031867 0.0030602 0.0025944 0.0004452 0.0019570 0.0019569 0.0014358 0.0033270 0.0046599 0.0050746 0.0025947 0.0044301 0.0019569 0.0031858 0.0050746 0.0046598 0.0033285 0.0020265 0.0014363 0.0009093 0.0033270 0.0072430 0.0009359 0.0031858 0.0049291 0.0046605 0.0024991 0.0014358 0.0033273 0.0009359 
ind115_h1  0.0060628 0.0044321 0.0031860 0.0037998 0.0004452 0.0060628 0.0019563 0.0000010 0.0037998 0.0024990 0.0004451 0.0038015 0.0031869 0.0014358 0.0031860 0.0030612 0.0013922 0.0087564 0.0019563 0.0009092 0.0014358 0.0000000 0.0013922 0.0031865 0.0025947 0.0024990 0.0031860 0.0053558 0.0044321 0.0009357 0.0025947 0.0033272 0.0110235 0.0019563 0.0009361 0.0009092 0.0004451 0.0110235 0.0036391 0.0053551 0.0080130 0.0030599 0.0030599 0.0101175 0.0024985 0.0038009 0.0004451 0.0038010 0.0036391 0.0009093 0.0067681 0.0014352 0.0046602 0.0072436 0.0072463 0.0080130 0.0053578 0.0110240 0.0031871 0.0046596 0.0004575 0.0031869 0.0025945 0.0042299 0.0095408 0.0019564 0.0030610 0.0025945 0.0018928 0.0030599 0.0044315 0.0025945 0.0009092 0.0014362 0.0014355 0.0009361 0.0020267 0.0080164 0.0053581 0.0004574 0.0020267 0.0019564 0.0038012 0.0057244 0.0030612 0.0030599 0.0031871 0.0037995 0.0009093 0.0014362 0.0087529 0.0024985 0.0004451 0.0080131 0.0080131 0.0004575 0.0044318 0.0087099 0.0018934 0.0004575 0.0009090 0.0018929 0.0072436 0.0053558 0.0024983 0.0044300 0.0020265 0.0030610 0.0053551 0.0056890 0.0036391 0.0009092 0.0031869 0.0004450 0.0044300 0.0060623 0.0014824 0.0014358 0.0024983 0.0095360 0.0050744 0.0019564 0.0103088 0.0049287 0.0030602 0.0031869 0.0024983 0.0046606 0.0095378 0.0036391 0.0018922 0.0025943 0.0037995 0.0009093 0.0004452 0.0036391 0.0103137 0.0004450 0.0053575 0.0024116 0.0046596 0.0019569 0.0013917 0.0025943 0.0009095 0.0014821 0.0050745 0.0074659 0.0030599 0.0067681 0.0025943 0.0053556 0.0074659 0.0072467 0.0056921 0.0004574 0.0009093 0.0014352 0.0014821 0.0103088 0.0014828 0.0053556 0.0078493 0.0072478 0.0009092 0.0031871 0.0037994 0.0013918 
ind116_h1  0.0039812 0.0025949 0.0025949 0.0031874 0.0009094 0.0039812 0.0014359 0.0013922 0.0031874 0.0019571 0.0009096 0.0020270 0.0025956 0.0009362 0.0025949 0.0014360 0.0000010 0.0080170 0.0014359 0.0013918 0.0009362 0.0013922 0.0000000 0.0037996 0.0020270 0.0019571 0.0025949 0.0046605 0.0025949 0.0024992 0.0020270 0.0027008 0.0103144 0.0014359 0.0014359 0.0024117 0.0009096 0.0103144 0.0019566 0.0046599 0.0072477 0.0024993 0.0024993 0.0094606 0.0019567 0.0031883 0.0018935 0.0020267 0.0019566 0.0004452 0.0046583 0.0019571 0.0039834 0.0064664 0.0049266 0.0072477 0.0046622 0.0103149 0.0025958 0.0026996 0.0019571 0.0025956 0.0020269 0.0036389 0.0087153 0.0014360 0.0024985 0.0020269 0.0013922 0.0024993 0.0037984 0.0020269 0.0024117 0.0009360 0.0030610 0.0014359 0.0014831 0.0072508 0.0046625 0.0019569 0.0014831 0.0014360 0.0031885 0.0050757 0.0014360 0.0024993 0.0025958 0.0031871 0.0013919 0.0009360 0.0080136 0.0019567 0.0018935 0.0056876 0.0056876 0.0019571 0.0025947 0.0078492 0.0013918 0.0019571 0.0013922 0.0013923 0.0064664 0.0046606 0.0019566 0.0038001 0.0014830 0.0024985 0.0046599 0.0064655 0.0019566 0.0013918 0.0025956 0.0018929 0.0038001 0.0053578 0.0020275 0.0009362 0.0019566 0.0087106 0.0044318 0.0014360 0.0095372 0.0041924 0.0014355 0.0025956 0.0019566 0.0039838 0.0087125 0.0019566 0.0024117 0.0031860 0.0031871 0.0004452 0.0009094 0.0019566 0.0095420 0.0018929 0.0033273 0.0018925 0.0026996 0.0014363 0.0018936 0.0020267 0.0013922 0.0031867 0.0031858 0.0067714 0.0024993 0.0046583 0.0031883 0.0033263 0.0067714 0.0064691 0.0049314 0.0019569 0.0004452 0.0019571 0.0031867 0.0095372 0.0020269 0.0033263 0.0069725 0.0064701 0.0024117 0.0025958 0.0020259 0.0009094 
