1.6267580 -0.0191440 0.8876051 -0.0372053 -0.0388881 -0.0266649 -0.0752332 -0.0625497 -0.0269199 -0.0164285 -0.0295949 0.0368177 0.1030903 -0.0099787 -0.0421054 -0.0524494 -0.0451827 -0.0404845 -0.0459410 0.0018369 -0.0645493 -0.0519845 -0.0476210 -0.0649936 0.0022355 -0.0198534 -0.0791938 0.0154591 -0.0035911 0.0208949 0.0000147 -0.0443857 -0.0129058 0.0217268 -0.1031434 0.0327179 -0.0428682 -0.0754408 0.0030075 -0.0770522 1.3368076 -0.0493678 -0.0203110 -0.0656242 -0.0082954 -0.0128178 -0.0614453 0.0257640 -0.0402885 -0.0632879 -0.0494240 -0.0361883 -0.0538087 -0.0846303 -0.0583020 0.0071214 -0.0671739 -0.0501396 -0.0880049 -0.0247491 -0.0399547 -0.0806497 -0.0375351 -0.0610384 -0.0810588 -0.0663850 -0.0451583 0.0101408 0.0702396 -0.0229906 -0.0210370 0.0099842 -0.0292099 -0.0645058 -0.0071626 0.3421140 -0.0092937 -0.0676664 -0.0691021 -0.0499305 -0.0313321 -0.0145848 0.0062095 -0.0421736 -0.0279300 -0.0512850 -0.0175512 0.0076436 -0.0458049 -0.0156513 -0.0346183 -0.0195903 -0.0472928 -0.0556887 0.0647085 -0.0083008 -0.0578997 -0.0366318 -0.0068484 -0.0301228 -0.0614532 -0.0454349 -0.0448497 -0.0264728 -0.0785154 -0.0263859 -0.0251845 -0.0613136 -0.0674916 -0.0145474 -0.0399340 -0.0599675 0.0125197 -0.0616836 -0.0855852 -0.0752812 -0.0045990 -0.0391734 -0.0174279 -0.0354399 0.0736995 -0.0734525 0.0003906 -0.0446487 -0.0371868 -0.0123614 -0.0366825 0.0107306 -0.0180174 -0.0585008 0.0088096 -0.0720294 -0.0406326 -0.0236543 -0.0442711 -0.0299772 0.0112718 -0.0208929 0.0202636 -0.0004024 -0.0157832 -0.0403335 -0.0721160 -0.0054485 -0.0667663 0.0454690 -0.0080372 -0.0022754 -0.0361522 -0.0386306 -0.0224013 -0.0434039 -0.0449106 -0.0774360 -0.0048383 -0.0562687 -0.0156023 -0.0196132 -0.0253124
-0.0191440 1.1575727 0.0005577 0.0056391 -0.0092392 0.0004500 -0.0134842 -0.0084983 -0.0057241 0.0018324 -0.0087540 0.0033721 0.0041167 -0.0045494 -0.0036785 -0.0004959 -0.0094339 -0.0161267 -0.0116851 -0.0072296 -0.0015056 -0.0068872 -0.0081466 -0.0088522 -0.0060932 -0.0167148 -0.0047404 -0.0105494 0.0048229 0.0042076 -0.0070534 -0.0005233 -0.0065278 -0.0086428 -0.0055003 -0.0214452 -0.0083722 -0.0123926 -0.0151649 -0.0076616 -0.0172297 -0.0085579 -0.0045318 0.0014090 -0.0033041 -0.0054460 -0.0095780 -0.0077602 -0.0126588 -0.0072080 -0.0144622 -0.0061892 -0.0136319 -0.0095969 -0.0081654 -0.0101200 -0.0128685 0.0074813 -0.0133919 -0.0106608 -0.0079871 -0.0126654 -0.0094596 -0.0127795 -0.0114317 -0.0155702 -0.0074054 -0.0055610 0.0174792 -0.0018257 -0.0152114 -0.0085450 -0.0070325 -0.0117684 -0.0116361 0.0054883 -0.0174322 -0.0102159 -0.0124297 -0.0079177 -0.0102551 -0.0117137 0.0023165 -0.0144505 -0.0146878 0.0256621 -0.0103128 -0.0126518 0.0040387 -0.0012326 0.0052619 -0.0160463 -0.0192403 -0.0161534 -0.0145403 -0.0068724 -0.0104029 -0.0138878 0.0021117 0.0021548 -0.0095207 -0.0127466 -0.0161057 -0.0044532 -0.0025399 -0.0033367 -0.0015865 -0.0104384 -0.0067983 -0.0064218 -0.0056628 -0.0064348 -0.0152178 -0.0048160 -0.0076052 -0.0089453 0.0173944 -0.0120073 -0.0028585 -0.0168148 -0.0115929 -0.0045442 0.0127197 -0.0130048 0.0041229 0.0027493 0.0005100 -0.0087424 0.0070950 -0.0079444 -0.0050589 -0.0088358 -0.0067956 0.0279433 -0.0109615 -0.0091967 0.0048878 -0.0134636 0.0169435 0.0145073 -0.0030212 -0.0118934 -0.0020164 0.0109031 -0.0124989 -0.0118920 -0.0092352 -0.0076453 -0.0105604 -0.0051687 -0.0102990 -0.0067480 0.0058425 -0.0056018 0.0056881 -0.0124086 0.0001780 -0.0042946 -0.0066937
0.8876051 0.0005577 1.5257863 -0.0295727 -0.0388056 -0.0185620 -0.0664464 -0.0576401 -0.0148105 -0.0257197 -0.0308642 0.0365515 0.0798371 -0.0136394 -0.0332816 -0.0414427 -0.0354261 -0.0331954 -0.0386674 0.0000497 -0.0577045 -0.0486049 -0.0433256 -0.0595559 -0.0156303 -0.0208468 -0.0676750 0.0093599 -0.0040617 0.0161582 0.0026230 -0.0364296 -0.0143570 0.0211811 -0.0929351 0.0213962 -0.0454542 -0.0661888 0.0020592 -0.0672436 0.9258364 -0.0456853 -0.0183819 -0.0577612 -0.0005081 -0.0106332 -0.0597233 0.0278848 -0.0388042 -0.0628077 -0.0463417 -0.0414897 -0.0429569 -0.0737850 -0.0507283 -0.0034888 -0.0586101 -0.0442330 -0.0854369 -0.0178461 -0.0348148 -0.0675896 -0.0360408 -0.0558647 -0.0749885 -0.0573114 -0.0381637 0.0162251 0.0663527 -0.0256252 -0.0205820 0.0134996 -0.0321568 -0.0568658 -0.0060152 0.5918306 -0.0248864 -0.0626035 -0.0605836 -0.0475171 -0.0253902 -0.0188185 0.0099469 -0.0428084 -0.0396811 -0.0458382 -0.0150182 0.0011076 -0.0416080 -0.0148184 -0.0172781 -0.0225542 -0.0423730 -0.0499879 0.0471740 -0.0080706 -0.0495060 -0.0338195 -0.0040598 -0.0235286 -0.0565332 -0.0443331 -0.0527106 -0.0271052 -0.0697546 -0.0200542 -0.0265317 -0.0558099 -0.0655868 -0.0175018 -0.0438800 -0.0522555 0.0065873 -0.0574608 -0.0769420 -0.0663290 0.0257720 -0.0323225 -0.0168185 -0.0315720 0.0542417 -0.0650723 0.0060339 -0.0372445 -0.0219248 -0.0007644 -0.0271779 0.0090482 -0.0023885 -0.0497587 0.0030694 -0.0643473 -0.0350285 -0.0298428 -0.0461381 -0.0242515 0.0177610 -0.0182197 0.0325143 -0.0020541 -0.0248322 -0.0333755 -0.0652698 0.0040591 -0.0599898 0.0349028 -0.0085847 -0.0041572 -0.0346017 -0.0389813 -0.0170520 -0.0417539 -0.0420433 -0.0730198 -0.0135827 -0.0525767 -0.0247884 -0.0141800 -0.0233036
-0.0372053 0.0056391 -0.0295727 1.0868912 -0.0070102 0.0003601 0.0040237 -0.0022121 0.0033459 -0.0102993 -0.0057163 -0.0084086 -0.0167192 -0.0073833 -0.0071993 0.0090436 -0.0015534 -0.0069882 -0.0088857 -0.0031983 -0.0006927 -0.0018634 -0.0048186 0.0003113 -0.0087593 -0.0146757 0.0009748 -0.0108897 -0.0176444 -0.0088520 -0.0072859 -0.0032762 -0.0025274 -0.0121778 0.0001939 -0.0066653 -0.0031999 0.0027187 -0.0016640 -0.0016889 -0.0351081 -0.0025564 0.0010214 -0.0085779 -0.0106571 -0.0041158 -0.0047922 -0.0037946 -0.0005090 -0.0103070 -0.0015614 -0.0060001 -0.0066781 0.0054617 0.0175631 -0.0070708 -0.0022841 -0.0088488 -0.0018164 -0.0078429 -0.0078995 0.0002941 -0.0068095 -0.0003404 -0.0081621 0.0033431 0.0008979 -0.0097785 -0.0076035 -0.0053882 -0.0101339 -0.0114418 -0.0032392 -0.0013455 0.0016189 -0.0133141 -0.0026119 -0.0011991 0.0296604 -0.0038122 -0.0102395 -0.0014407 -0.0018832 -0.0005113 -0.0072510 -0.0044310 -0.0015535 -0.0117850 -0.0038720 -0.0067796 0.0122986 -0.0000417 -0.0061683 -0.0014117 -0.0023640 -0.0107895 -0.0067130 -0.0071808 -0.0147064 -0.0101829 0.0025673 0.0118061 -0.0126897 -0.0066245 0.0009902 -0.0051225 -0.0045756 -0.0112009 -0.0063078 -0.0148365 -0.0137789 -0.0092918 -0.0049014 0.0005634 -0.0051625 0.0044270 -0.0091118 -0.0050335 -0.0057122 -0.0044614 -0.0041639 -0.0001170 -0.0122902 -0.0044260 -0.0122855 -0.0053435 -0.0162136 -0.0043248 0.0017957 -0.0004557 -0.0090871 0.0016410 -0.0045236 -0.0122164 -0.0048797 -0.0002489 -0.0078643 -0.0146027 -0.0043927 -0.0033955 -0.0087187 -0.0086824 0.0026521 -0.0066759 0.0010044 -0.0101443 -0.0015578 -0.0129260 -0.0075011 -0.0007886 -0.0055087 -0.0067979 -0.0204754 -0.0005470 -0.0055290 0.0022613 0.0004388 -0.0001391 -0.0010721
-0.0388881 -0.0092392 -0.0388056 -0.0070102 1.1662538 -0.0085019 0.0118913 -0.0106435 -0.0138173 -0.0066571 -0.0031021 -0.0033702 -0.0154449 -0.0078093 -0.0082731 -0.0052371 0.0081406 0.0050592 0.0026062 -0.0041541 -0.0151194 -0.0046707 0.0003076 -0.0076590 -0.0038944 -0.0070744 -0.0040536 0.0146429 0.0001584 -0.0133514 0.0002924 -0.0031122 -0.0122447 -0.0062951 -0.0065760 -0.0082364 0.0003443 -0.0127834 -0.0121966 -0.0134185 -0.0382510 -0.0021323 -0.0072405 -0.0048902 -0.0064438 -0.0157654 -0.0136873 -0.0092777 -0.0034790 0.0037875 -0.0149196 -0.0120957 -0.0001678 -0.0088369 0.0028339 0.0102669 -0.0053131 0.0144032 -0.0087748 -0.0081415 -0.0013483 -0.0046156 -0.0130361 -0.0087115 -0.0085332 -0.0114651 -0.0100105 -0.0020168 -0.0049775 -0.0187893 -0.0178317 0.0003804 -0.0101313 0.0062072 0.0036399 -0.0263598 -0.0085382 -0.0064725 -0.0033169 0.0042545 -0.0022276 -0.0075525 -0.0001672 -0.0065299 -0.0090627 -0.0043842 -0.0091543 -0.0054945 0.0024915 -0.0148687 -0.0080294 -0.0071092 -0.0083936 -0.0116527 -0.0171523 -0.0149090 0.0027622 -0.0086084 0.0001026 -0.0174449 -0.0037484 -0.0080151 -0.0000726 -0.0102333 -0.0023509 -0.0036266 -0.0150068 0.0158637 -0.0003544 -0.0031424 -0.0008512 -0.0138891 -0.0070190 -0.0121892 -0.0112361 -0.0116202 -0.0051618 -0.0058159 -0.0059077 0.0020602 -0.0152358 -0.0001176 -0.0125559 -0.0046727 0.0216677 -0.0079326 0.0079791 -0.0043413 -0.0101052 -0.0041078 -0.0141922 0.0075165 0.0045804 -0.0050717 0.0018240 -0.0043570 -0.0116980 -0.0216762 -0.0085693 -0.0044616 0.0616545 0.0182910 0.0091414 -0.0108124 -0.0104645 -0.0179067 -0.0041163 0.0185950 -0.0039356 -0.0066852 -0.0085226 -0.0117905 -0.0141024 -0.0109263 -0.0216559 -0.0145416 -0.0108385 -0.0089653 -0.0145720
-0.0266649 0.0004500 -0.0185620 0.0003601 -0.0085019 1.0271188 -0.0131071 -0.0013788 -0.0022560 -0.0042743 -0.0050098 -0.0043972 -0.0106884 -0.0093560 -0.0066966 0.0030367 -0.0030324 -0.0041127 -0.0032903 -0.0055633 0.0030894 -0.0056857 -0.0028375 -0.0047311 -0.0063746 -0.0140738 0.0025402 -0.0127778 0.0004859 -0.0019939 0.0085224 -0.0018820 0.0029232 -0.0077207 0.0046773 -0.0001705 0.0051499 -0.0101785 0.0039037 -0.0051290 -0.0276988 -0.0016141 -0.0001219 0.0146500 -0.0064760 0.0008207 -0.0084973 0.0021242 -0.0077102 -0.0039218 -0.0017680 -0.0027138 -0.0036187 0.0008632 -0.0036132 -0.0115243 0.0004893 0.0010925 -0.0013281 -0.0062515 0.0005432 0.0060008 -0.0119967 -0.0035141 -0.0077095 0.0033014 0.0062064 -0.0087596 -0.0088003 -0.0091315 -0.0016106 0.0040759 0.0062767 -0.0050004 -0.0025085 -0.0097588 -0.0118312 -0.0086434 -0.0026495 0.0013265 -0.0036190 0.0009467 -0.0078525 -0.0045604 -0.0046349 0.0006740 -0.0039111 -0.0077712 -0.0076926 0.0031176 0.0035963 -0.0058532 -0.0065480 -0.0082392 -0.0061686 -0.0038477 -0.0058417 0.0099075 0.0025139 0.0017451 -0.0017838 -0.0013298 -0.0068261 -0.0032443 -0.0004692 -0.0076534 -0.0075555 -0.0051554 -0.0047192 -0.0088382 0.0000168 0.0021192 -0.0063641 -0.0017410 -0.0055820 -0.0080599 -0.0052668 -0.0026750 -0.0002806 -0.0135711 0.0004653 -0.0024912 0.0008133 -0.0080020 -0.0092708 -0.0086270 -0.0043567 -0.0033321 0.0005658 -0.0013476 -0.0019977 -0.0065041 -0.0009209 -0.0129102 -0.0050462 -0.0021383 0.0032170 -0.0009816 0.0016330 -0.0017436 -0.0130818 -0.0074194 -0.0037198 0.0000903 -0.0103624 -0.0005507 -0.0074346 -0.0127627 -0.0090481 -0.0100300 -0.0100077 0.0077630 -0.0067020 -0.0081846 0.0109473 0.0020289 -0.0095014 -0.0032263 0.0000911
-0.0752332 -0.0134842 -0.0664464 0.0040237 0.0118913 -0.0131071 1.0543469 0.0208620 -0.0011335 0.0022157 -0.0033942 -0.0091331 -0.0236349 -0.0063235 -0.0037597 -0.0032377 0.0004623 0.0022868 0.0066497 -0.0132843 -0.0099964 0.0073635 0.0033156 0.0033480 -0.0020911 -0.0016223 0.0039261 -0.0081693 -0.0122646 -0.0173643 -0.0177387 0.0013379 -0.0080188 -0.0100180 -0.0011872 -0.0081598 0.0096587 0.0087062 -0.0095053 -0.0034694 -0.0759155 -0.0005884 -0.0019221 -0.0057787 0.0035420 -0.0073291 -0.0052472 -0.0064095 0.0057612 0.0160284 0.0022049 -0.0027711 0.0046830 0.0065221 0.0067413 0.0005035 0.0002764 -0.0021669 -0.0046694 -0.0040215 -0.0083609 -0.0038561 -0.0050886 0.0009573 0.0046754 -0.0027642 -0.0041483 -0.0087699 -0.0236675 -0.0155286 -0.0100302 -0.0176614 -0.0112377 0.0092490 -0.0038256 -0.0402104 -0.0046794 -0.0053921 -0.0031509 0.0023414 0.0077987 -0.0055057 -0.0114847 -0.0010114 -0.0047087 -0.0031384 -0.0030641 -0.0042635 0.0024076 -0.0087549 -0.0055654 -0.0038569 0.0157838 -0.0033913 -0.0198937 -0.0130620 0.0016944 -0.0069114 -0.0074307 -0.0054949 0.0030706 0.0026392 -0.0018856 -0.0102323 0.0003048 -0.0025338 -0.0119318 0.0027917 0.0033963 0.0004289 0.0003084 0.0016578 0.0158960 -0.0043074 -0.0023943 0.0124913 -0.0085611 -0.0002211 -0.0145150 -0.0031989 -0.0159013 0.0028380 -0.0047163 -0.0013992 0.0093432 -0.0046710 0.0011213 -0.0104952 -0.0098022 0.0010769 -0.0054082 0.0108772 0.0166958 -0.0049019 0.0013554 0.0037007 -0.0103628 -0.0170211 -0.0107199 -0.0121896 0.0029596 0.0256541 -0.0008303 -0.0075144 0.0033930 -0.0222653 -0.0078508 -0.0038106 -0.0047687 -0.0000866 -0.0076835 -0.0070050 -0.0055996 0.0129418 -0.0130844 0.0010366 -0.0086911 0.0035533 -0.0104067
-0.0625497 -0.0084983 -0.0576401 -0.0022121 -0.0106435 -0.0013788 0.0208620 1.0235127 -0.0002349 -0.0060955 -0.0016813 -0.0055403 -0.0116394 -0.0055685 -0.0095901 -0.0032949 -0.0052509 -0.0006700 0.0610287 -0.0141292 0.0084560 -0.0020108 -0.0064234 0.0050846 -0.0059113 -0.0098937 -0.0016511 -0.0091550 -0.0108225 -0.0132915 -0.0089811 -0.0003044 -0.0055051 -0.0100696 0.0050303 -0.0003970 -0.0050222 0.0060337 -0.0107360 0.0028620 -0.0643203 -0.0048004 -0.0091085 -0.0006584 -0.0044602 -0.0127115 -0.0066275 -0.0041404 -0.0120921 0.0102502 -0.0007399 -0.0038255 0.0007674 0.0075937 -0.0023737 -0.0076466 -0.0000882 0.0005191 0.0057628 -0.0057103 -0.0057731 0.0120528 0.0008500 -0.0031361 0.0009506 -0.0070592 0.0058245 -0.0048142 -0.0254981 -0.0044260 -0.0073172 -0.0019998 -0.0110672 -0.0062988 -0.0059291 -0.0276410 -0.0026524 0.0045099 -0.0026627 -0.0009874 -0.0003164 -0.0044973 0.0002931 -0.0018025 0.0054835 -0.0003327 -0.0031128 -0.0088041 -0.0040898 -0.0035419 0.0001722 -0.0048098 0.0140518 -0.0020785 -0.0199547 -0.0045681 0.0044125 -0.0013756 -0.0070712 0.0014153 0.0024199 -0.0029190 -0.0008422 -0.0056565 -0.0021488 -0.0063224 -0.0040784 -0.0038924 -0.0001370 -0.0078628 0.0014953 -0.0022870 -0.0066084 0.0012204 0.0031711 0.0025384 -0.0047652 -0.0007035 -0.0078106 -0.0046447 -0.0132439 -0.0010016 0.0041986 0.0010651 -0.0107610 -0.0109668 -0.0038332 -0.0048705 -0.0085267 0.0016592 -0.0083843 -0.0001013 -0.0055547 -0.0067727 0.0039357 -0.0006168 -0.0011723 -0.0029656 -0.0105439 -0.0050745 -0.0007409 -0.0176690 0.0008663 -0.0035413 -0.0041201 -0.0141852 -0.0142799 -0.0014562 -0.0092376 -0.0057675 -0.0056541 -0.0022439 -0.0059249 -0.0008840 -0.0045505 -0.0032139 0.0039618 -0.0022891 -0.0028008
-0.0269199 -0.0057241 -0.0148105 0.0033459 -0.0138173 -0.0022560 -0.0011335 -0.0002349 1.0311443 -0.0037586 -0.0046027 -0.0076609 -0.0080557 -0.0083082 -0.0014774 -0.0005746 0.0073286 -0.0074344 -0.0060663 -0.0037876 0.0030574 0.0022101 -0.0002270 -0.0023989 -0.0072034 -0.0131764 -0.0040667 -0.0141451 -0.0084955 -0.0062277 0.0070742 -0.0045804 -0.0032254 -0.0094053 -0.0017377 -0.0078139 0.0031208 -0.0067503 -0.0050506 -0.0044624 -0.0285578 -0.0024197 -0.0008019 -0.0053163 -0.0047020 0.0009328 -0.0004427 0.0078238 -0.0075837 -0.0049035 -0.0101436 -0.0001932 -0.0006527 0.0021260 -0.0018361 -0.0081452 0.0027479 -0.0083608 0.0039527 -0.0010593 -0.0071401 0.0008236 0.0003872 -0.0046554 0.0097946 -0.0050620 -0.0051840 -0.0066083 0.0037054 -0.0153994 -0.0092400 -0.0129803 -0.0045047 -0.0044628 -0.0071157 -0.0014318 -0.0059998 -0.0070070 0.0066393 -0.0007157 -0.0017600 -0.0027011 -0.0035594 0.0083270 0.0034575 -0.0013507 -0.0075366 -0.0072648 -0.0022629 -0.0052360 -0.0005537 -0.0058035 -0.0005617 0.0050938 -0.0125293 -0.0051270 0.0079891 -0.0107403 -0.0105322 -0.0028121 0.0004687 -0.0049442 -0.0045710 -0.0015153 -0.0017465 -0.0045966 -0.0122651 -0.0072440 -0.0001728 -0.0083615 -0.0033255 0.0052100 -0.0047208 -0.0034950 -0.0005459 -0.0009488 -0.0084828 0.0046871 0.0063277 -0.0003513 0.0015939 -0.0012378 -0.0089947 -0.0022669 -0.0088408 -0.0025308 -0.0103337 0.0052582 -0.0045006 -0.0026810 -0.0034872 -0.0010998 -0.0021013 -0.0075145 -0.0023072 -0.0028464 0.0048829 -0.0032719 -0.0009005 0.0179398 -0.0136510 -0.0065139 -0.0044129 -0.0069944 -0.0080283 0.0005903 -0.0028235 -0.0160240 -0.0096625 -0.0052014 -0.0103588 -0.0010875 -0.0005358 0.0013125 -0.0059017 -0.0129371 -0.0096400 -0.0008871 -0.0007735
-0.0164285 0.0018324 -0.0257197 -0.0102993 -0.0066571 -0.0042743 0.0022157 -0.0060955 -0.0037586 1.0802599 -0.0048667 -0.0062036 0.0086457 -0.0055395 -0.0041139 -0.0007723 -0.0108914 -0.0046962 -0.0014925 -0.0074395 -0.0013100 0.0001823 -0.0048858 -0.0039616 -0.0032938 -0.0047366 -0.0013184 -0.0146702 0.0049494 -0.0073739 -0.0093151 0.0038986 -0.0098336 -0.0100016 -0.0002377 -0.0075548 0.0005186 -0.0043896 -0.0124706 -0.0018225 -0.0181597 -0.0021294 0.0006956 -0.0104038 -0.0035013 -0.0028097 -0.0093433 -0.0030248 -0.0089616 0.0011069 -0.0170016 -0.0014861 -0.0021507 0.0079449 -0.0058937 -0.0130625 0.0014085 -0.0072090 -0.0046752 -0.0044717 -0.0024653 -0.0075747 0.0012946 0.0005910 0.0013106 -0.0049551 -0.0041203 -0.0132896 -0.0113754 0.0004167 -0.0033969 -0.0077903 -0.0013198 -0.0030900 -0.0161729 -0.0151932 -0.0090332 -0.0013349 -0.0091265 0.0059461 -0.0109963 -0.0088368 -0.0026271 -0.0028597 -0.0001826 -0.0007462 -0.0066354 -0.0085043 0.0130199 -0.0074466 -0.0038132 -0.0124228 -0.0137329 0.0077730 -0.0123878 -0.0059151 -0.0012526 -0.0036859 -0.0059237 -0.0061580 -0.0010588 -0.0074352 -0.0084318 0.0081460 -0.0020217 -0.0049379 0.0019541 -0.0068166 -0.0120840 0.0121736 -0.0128859 -0.0150598 0.0023885 0.0039608 0.0046919 -0.0113239 -0.0094843 -0.0025962 -0.0071477 -0.0094251 -0.0036786 -0.0023076 -0.0049435 -0.0067889 -0.0053583 -0.0051876 0.0109604 -0.0042678 -0.0060544 -0.0092483 -0.0020375 -0.0038876 -0.0075786 -0.0061980 -0.0055814 -0.0115669 -0.0101180 -0.0039702 -0.0012992 -0.0096657 -0.0033937 -0.0093869 -0.0047474 -0.0089522 -0.0058972 -0.0083351 -0.0148151 -0.0174772 -0.0069373 -0.0034232 0.0043889 -0.0039098 -0.0126192 0.0047808 -0.0091641 -0.0118898 0.0005688 -0.0046709 -0.0025058
-0.0295949 -0.0087540 -0.0308642 -0.0057163 -0.0031021 -0.0050098 -0.0033942 -0.0016813 -0.0046027 -0.0048667 0.9798868 0.0030261 -0.0026077 -0.0001811 -0.0120594 -0.0054983 -0.0027927 -0.0106832 -0.0052610 -0.0061475 -0.0064977 -0.0040892 -0.0004957 -0.0032453 -0.0117324 0.0063321 -0.0001120 -0.0137863 -0.0070828 -0.0071393 0.0016402 0.0010135 -0.0031551 -0.0059440 0.0024603 -0.0092646 -0.0086463 -0.0119408 -0.0051768 -0.0074160 -0.0320892 -0.0062356 -0.0098992 -0.0038988 -0.0049205 -0.0070291 -0.0077506 -0.0089983 -0.0071326 -0.0039143 -0.0111693 -0.0038939 -0.0071059 -0.0040895 -0.0092601 -0.0078719 -0.0007686 -0.0061078 -0.0058080 0.0050974 -0.0023681 0.0013308 -0.0038487 -0.0075849 0.0080668 -0.0103031 -0.0046753 -0.0026125 -0.0151083 -0.0058423 -0.0109333 0.0087721 -0.0109804 0.0016547 -0.0080775 -0.0137734 -0.0079631 -0.0024836 -0.0102495 -0.0028443 -0.0096233 -0.0072853 0.0083744 -0.0074835 -0.0041805 0.0005733 -0.0029913 -0.0071715 -0.0023844 -0.0032593 -0.0015608 -0.0094428 -0.0088484 -0.0089620 -0.0065986 -0.0127961 0.0049995 0.0085376 -0.0062846 -0.0045627 0.0028071 -0.0078570 -0.0070704 -0.0097895 -0.0001403 0.2575087 -0.0052100 -0.0036310 -0.0054101 0.0046003 -0.0039706 -0.0147723 -0.0062663 -0.0027981 0.0071606 -0.0103506 -0.0161131 -0.0051720 -0.0120367 -0.0011443 -0.0108716 -0.0052902 -0.0105652 -0.0033002 -0.0035356 -0.0049241 -0.0004918 -0.0018175 -0.0024172 -0.0054971 -0.0073169 -0.0040629 -0.0076583 -0.0107975 -0.0046076 -0.0060709 0.0021619 -0.0159403 -0.0014697 -0.0065298 -0.0042498 -0.0113757 -0.0062519 -0.0055632 -0.0053700 -0.0131094 -0.0055774 -0.0156122 -0.0093575 -0.0108578 -0.0039090 -0.0058112 -0.0080705 -0.0049532 0.0014754 -0.0126485 0.0009894 -0.0066999 -0.0137328
0.0368177 0.0033721 0.0365515 -0.0084086 -0.0033702 -0.0043972 -0.0091331 -0.0055403 -0.0076609 -0.0062036 0.0030261 1.0300674 0.0084902 0.0006762 -0.0144604 0.0036583 -0.0033423 -0.0034807 0.0026032 -0.0062062 -0.0116784 -0.0071760 -0.0102290 -0.0014741 -0.0057251 -0.0090456 -0.0039589 -0.0084977 0.0100692 0.0033226 0.0083506 -0.0015067 -0.0021131 -0.0053015 -0.0112325 0.0025858 -0.0118427 -0.0125593 -0.0005490 -0.0161041 0.0346676 -0.0055429 -0.0049813 -0.0097986 0.0010660 -0.0071020 -0.0101045 0.0016193 -0.0103505 -0.0126836 -0.0101043 -0.0023929 -0.0070159 -0.0078984 -0.0014970 0.0032496 -0.0070311 -0.0123984 -0.0138393 0.0009008 -0.0037605 -0.0050508 -0.0043158 -0.0067741 -0.0146321 -0.0129136 -0.0010349 -0.0046074 -0.0066700 -0.0096519 -0.0057939 0.0066617 -0.0096712 -0.0131998 -0.0029126 0.0273219 -0.0076497 -0.0057500 -0.0129343 -0.0050096 0.0008166 -0.0099875 0.0151635 -0.0158898 -0.0110713 -0.0023816 0.0048619 -0.0006620 -0.0079788 -0.0075255 -0.0056214 -0.0075599 -0.0145946 -0.0064704 0.0068195 -0.0132006 0.0092933 -0.0050149 -0.0021296 -0.0055379 -0.0020197 -0.0069215 -0.0037684 -0.0135077 -0.0096691 0.0079439 -0.0075149 -0.0005012 -0.0124020 -0.0059057 -0.0059005 -0.0021566 0.0005821 -0.0101432 -0.0094379 -0.0082136 -0.0042006 -0.0042934 -0.0143484 -0.0029503 0.0033120 -0.0051384 0.0032104 -0.0023086 -0.0005177 -0.0027308 0.0053407 0.0041157 -0.0066189 -0.0062271 0.0024325 -0.0087674 -0.0056886 -0.0009463 -0.0041451 0.0045019 -0.0001698 -0.0105555 0.0039018 0.0016813 -0.0029979 -0.0067573 -0.0091832 -0.0040422 -0.0135265 0.0064861 -0.0104200 -0.0084855 -0.0055667 -0.0014870 -0.0002174 -0.0043156 -0.0214354 -0.0077108 0.0012545 -0.0141452 0.0072754 -0.0024805 -0.0071701
0.1030903 0.0041167 0.0798371 -0.0167192 -0.0154449 -0.0106884 -0.0236349 -0.0116394 -0.0080557 0.0086457 -0.0026077 0.0084902 1.1747432 0.0096564 -0.0139168 -0.0128484 -0.0163532 -0.0129902 -0.0066032 -0.0144084 -0.0116755 -0.0163063 -0.0031956 -0.0224942 -0.0046328 -0.0148312 -0.0162224 -0.0022758 0.0171601 0.0491847 -0.0034278 -0.0051864 -0.0161571 0.0044965 -0.0228234 -0.0013707 -0.0063564 -0.0224206 -0.0127486 -0.0204639 0.1017973 -0.0139916 0.0025678 -0.0219460 0.0044736 -0.0015479 -0.0288614 -0.0086925 -0.0210114 -0.0149099 -0.0202740 -0.0111539 -0.0123348 -0.0159138 -0.0139418 -0.0075206 -0.0176826 -0.0234273 -0.0296252 0.0033217 -0.0058362 -0.0225953 -0.0212224 -0.0194542 -0.0200212 -0.0127416 -0.0131821 0.0042813 0.0119305 0.0309352 -0.0053202 0.0149925 -0.0160146 -0.0208107 -0.0149147 0.0414706 -0.0211999 -0.0138017 -0.0311014 -0.0086326 -0.0267399 -0.0043827 -0.0014110 -0.0205594 -0.0107721 -0.0017501 -0.0089663 0.0481513 0.0084112 -0.0069637 -0.0089685 -0.0218993 -0.0185339 -0.0194194 0.0751294 0.0107248 -0.0120246 -0.0106639 -0.0009142 -0.0042469 -0.0183225 -0.0149651 -0.0238994 0.0092604 -0.0126161 -0.0035085 0.0292774 -0.0253261 -0.0284364 0.0211496 -0.0144578 -0.0202885 -0.0099459 -0.0128782 -0.0223021 -0.0271179 -0.0031143 -0.0177579 -0.0084411 -0.0166637 0.0069360 -0.0151234 -0.0095898 -0.0194941 -0.0235102 -0.0055275 -0.0151801 0.0439001 -0.0136374 -0.0113252 -0.0004180 -0.0202793 -0.0109322 0.0096828 -0.0120660 -0.0134760 0.0103425 0.0093439 0.0082812 -0.0086502 -0.0058266 -0.0216224 -0.0204429 -0.0074094 -0.0188248 0.0084457 -0.0153951 -0.0070494 -0.0201314 -0.0106260 -0.0101255 -0.0193048 -0.0209521 -0.0262093 -0.0121869 -0.0208998 -0.0060104 -0.0070520 -0.0171692
-0.0099787 -0.0045494 -0.0136394 -0.0073833 -0.0078093 -0.0093560 -0.0063235 -0.0055685 -0.0083082 -0.0055395 -0.0001811 0.0006762 0.0096564 1.1102579 -0.0017807 -0.0093066 -0.0093082 -0.0133740 -0.0028802 -0.0118243 -0.0033335 -0.0032100 -0.0015797 -0.0077109 -0.0021065 -0.0080320 -0.0070521 -0.0065073 -0.0065827 -0.0009311 -0.0174469 0.0023598 -0.0051194 0.0004745 -0.0009187 0.0001025 -0.0083158 -0.0118998 -0.0042738 -0.0140448 -0.0091508 -0.0030496 -0.0068492 -0.0130885 -0.0002270 -0.0059284 0.0011758 -0.0086278 -0.0186242 -0.0137078 -0.0057472 -0.0016921 -0.0137739 -0.0101149 -0.0016735 0.0025211 0.0002916 -0.0099937 -0.0060452 0.0204054 -0.0027151 -0.0133938 0.0002836 0.0001934 -0.0114477 -0.0154674 -0.0043238 -0.0038575 -0.0026685 -0.0124852 0.0024287 -0.0105347 -0.0097745 -0.0042373 -0.0067242 -0.0101709 -0.0011604 -0.0116205 -0.0162515 -0.0009219 -0.0159804 0.0068907 0.0011961 -0.0243970 -0.0136793 -0.0028442 0.0016034 -0.0020241 -0.0025536 -0.0051561 -0.0046971 -0.0092467 -0.0079149 -0.0048589 0.0037842 -0.0073398 -0.0011034 -0.0102198 -0.0039904 -0.0131541 -0.0043387 -0.0080621 -0.0077240 -0.0165312 -0.0089381 -0.0021375 -0.0105950 -0.0112658 -0.0142027 0.0067378 -0.0072422 -0.0045853 -0.0069149 -0.0042459 -0.0072751 -0.0005156 -0.0089515 -0.0018571 -0.0078438 -0.0066602 -0.0028984 -0.0030463 0.0076242 -0.0091978 -0.0046605 -0.0029402 -0.0084196 -0.0012842 0.0014370 -0.0082778 -0.0011444 -0.0046117 -0.0037684 -0.0030377 -0.0073684 0.0016131 -0.0057236 -0.0127177 0.0028990 0.0070403 0.0004272 0.0005644 -0.0130445 -0.0047634 -0.0063478 0.0038544 -0.0043468 -0.0063820 -0.0068529 -0.0017574 -0.0098451 -0.0092032 -0.0113296 -0.0102999 0.0197951 -0.0149859 0.0115384 -0.0012429 -0.0105627
-0.0421054 -0.0036785 -0.0332816 -0.0071993 -0.0082731 -0.0066966 -0.0037597 -0.0095901 -0.0014774 -0.0041139 -0.0120594 -0.0144604 -0.0139168 -0.0017807 1.0557461 -0.0001515 -0.0030534 -0.0013990 -0.0038838 -0.0075533 -0.0090723 0.0046283 0.0012986 -0.0014236 -0.0028182 -0.0089299 -0.0036836 -0.0075534 -0.0135586 -0.0012758 -0.0061495 0.0010697 0.0001200 -0.0015267 -0.0022911 -0.0042180 -0.0018782 0.0037845 -0.0006840 -0.0081920 -0.0420234 0.0057548 0.0004747 -0.0086017 -0.0023547 0.0023937 -0.0119012 -0.0030793 -0.0025788 -0.0086322 -0.0008905 0.0085884 -0.0064539 -0.0028290 0.0061075 -0.0068963 0.0031078 0.0084230 -0.0013556 -0.0115021 -0.0026858 -0.0038433 0.0059053 0.0022325 -0.0020828 -0.0062826 -0.0032387 -0.0213807 -0.0061375 -0.0102987 0.0020832 -0.0164448 0.0015327 0.0065836 -0.0091618 -0.0215190 -0.0002841 -0.0017162 -0.0071784 0.0012299 -0.0103932 0.0119091 -0.0144627 -0.0021254 -0.0064356 -0.0012852 -0.0075718 -0.0027927 -0.0045383 -0.0049298 -0.0006583 0.0071787 -0.0092315 0.0020000 -0.0075287 -0.0062822 -0.0050770 -0.0075507 -0.0023347 -0.0070899 -0.0013186 -0.0000660 -0.0048214 -0.0056011 -0.0007010 -0.0104769 -0.0075481 -0.0034286 0.0014679 -0.0062355 -0.0060115 -0.0062834 -0.0064332 -0.0024985 -0.0090545 -0.0059596 -0.0059480 -0.0024419 -0.0027285 -0.0014675 -0.0017333 0.0016436 -0.0078801 -0.0114615 0.0031496 -0.0055511 -0.0012407 -0.0082028 -0.0011172 0.0018681 -0.0011142 0.0030184 0.0096378 0.0056638 -0.0044419 -0.0083599 -0.0014002 -0.0063050 -0.0006312 0.0009002 -0.0095577 0.0061227 0.0025819 0.0046181 -0.0015384 -0.0094993 -0.0093796 -0.0047478 -0.0055497 -0.0003665 -0.0124735 0.0019304 -0.0095588 -0.0042287 0.0000743 -0.0124821 -0.0113720 0.0022119 0.0097957
-0.0524494 -0.0004959 -0.0414427 0.0090436 -0.0052371 0.0030367 -0.0032377 -0.0032949 -0.0005746 -0.0007723 -0.0054983 0.0036583 -0.0128484 -0.0093066 -0.0001515 1.0255445 0.0010695 -0.0003267 0.0013151 -0.0033131 -0.0028970 -0.0003183 -0.0013338 0.0039258 -0.0068715 -0.0049275 0.0019705 -0.0098790 0.0007143 -0.0038337 -0.0016972 0.0007153 0.0005018 -0.0096104 0.0031346 -0.0064522 -0.0001354 0.0108790 -0.0037508 -0.0025396 -0.0530298 0.0012203 -0.0000419 0.0026057 -0.0004103 0.0005269 -0.0073622 -0.0057916 0.0006075 0.0002506 -0.0025483 0.0066591 -0.0013465 0.0087920 0.0000985 -0.0081266 0.0043453 -0.0047029 -0.0014350 0.0006618 -0.0035573 0.0081776 -0.0044604 0.0052442 -0.0028910 0.0066046 0.0009647 -0.0115006 -0.0156412 -0.0007236 -0.0068762 -0.0103732 -0.0099577 -0.0000941 -0.0065169 -0.0223513 -0.0056474 0.0076961 0.0019949 0.0037984 -0.0062624 -0.0001860 0.0006028 0.0071624 -0.0055255 0.0044691 -0.0030509 -0.0064706 -0.0039510 -0.0040158 0.0026379 -0.0048029 -0.0015129 0.0115984 -0.0107487 -0.0095773 0.0067487 -0.0059676 -0.0079977 -0.0050637 0.0004144 0.0019877 0.0022142 -0.0010503 0.0009635 -0.0038237 0.0002202 0.0012615 0.0042062 -0.0085075 -0.0045287 -0.0050381 -0.0052631 0.0003318 0.0011495 0.0055383 -0.0029602 0.0072638 -0.0071859 -0.0064764 -0.0066290 0.0022318 -0.0054138 -0.0004614 -0.0045720 -0.0039361 -0.0063468 -0.0020628 -0.0007434 0.0027967 -0.0028175 0.0002382 -0.0024781 -0.0040152 0.0003968 -0.0006554 -0.0041093 -0.0038383 -0.0017516 -0.0035765 -0.0094984 -0.0063918 0.0026936 -0.0088022 0.0003178 -0.0100063 -0.0068665 -0.0088176 0.0013122 -0.0012983 -0.0077596 -0.0031944 -0.0061428 0.0013386 -0.0039124 0.0049226 0.0012947 0.0016696 -0.0040313
-0.0451827 -0.0094339 -0.0354261 -0.0015534 0.0081406 -0.0030324 0.0004623 -0.0052509 0.0073286 -0.0108914 -0.0027927 -0.0033423 -0.0163532 -0.0093082 -0.0030534 0.0010695 1.0849969 -0.0050148 -0.0054961 0.0006989 -0.0070644 0.0041959 0.0036758 -0.0039343 -0.0089804 -0.0062342 0.0010916 -0.0126817 -0.0125703 -0.0111761 -0.0068296 0.0015675 0.0022504 -0.0049865 0.0054172 -0.0087610 0.0022952 -0.0012752 -0.0009201 -0.0058404 -0.0452666 -0.0034869 -0.0051784 -0.0077678 -0.0046698 -0.0033636 -0.0039230 -0.0046073 -0.0067792 0.0028645 -0.0042345 0.0008620 -0.0026271 0.0031020 0.0022573 -0.0157466 0.0030514 -0.0151927 -0.0006739 -0.0008578 -0.0031324 0.0076441 0.0023315 -0.0008606 0.0068546 -0.0049984 -0.0012843 -0.0110301 -0.0083169 -0.0070232 -0.0006358 -0.0141315 -0.0070851 0.0007859 -0.0166450 -0.0185769 -0.0072217 -0.0073324 0.0017999 0.0020059 -0.0159283 -0.0046446 -0.0138075 -0.0058284 -0.0075509 -0.0066190 -0.0044419 -0.0021366 -0.0042910 -0.0062026 -0.0020445 0.0050291 0.0008084 0.0084666 -0.0077378 -0.0156488 0.0020740 -0.0033088 -0.0114751 -0.0090244 0.0017802 0.0008428 0.0027233 -0.0091615 0.0002469 -0.0028230 -0.0061610 -0.0032350 -0.0014443 -0.0066026 -0.0042463 0.0007934 -0.0003768 -0.0048684 -0.0034106 -0.0031069 -0.0051408 0.0058486 -0.0088616 -0.0083041 -0.0062917 0.0016889 -0.0080874 -0.0029767 -0.0040936 -0.0030624 -0.0108960 -0.0039740 0.0012338 -0.0018589 -0.0073545 0.0005224 -0.0071293 -0.0133951 -0.0081183 -0.0049895 -0.0002771 -0.0108042 -0.0025510 -0.0068647 -0.0146574 -0.0094040 0.0015546 -0.0048606 -0.0007833 -0.0085621 -0.0030234 -0.0005211 -0.0021346 -0.0040132 -0.0069715 -0.0026706 0.0022279 0.0093017 -0.0038938 -0.0129877 -0.0049376 -0.0043770 -0.0005074
-0.0404845 -0.0161267 -0.0331954 -0.0069882 0.0050592 -0.0041127 0.0022868 -0.0006700 -0.0074344 -0.0046962 -0.0106832 -0.0034807 -0.0129902 -0.0133740 -0.0013990 -0.0003267 -0.0050148 1.1089269 -0.0050323 -0.0144230 0.0044507 -0.0017744 -0.0084853 0.0066992 -0.0068502 -0.0136464 -0.0000895 -0.0059191 -0.0071479 -0.0056333 -0.0021094 -0.0035643 -0.0000716 -0.0085374 -0.0002721 -0.0014491 -0.0010420 -0.0041112 -0.0039268 -0.0013373 -0.0405879 -0.0087223 0.0003206 -0.0006634 -0.0049701 -0.0087636 -0.0127965 -0.0110291 -0.0036291 -0.0074611 0.0018596 -0.0014258 -0.0048335 0.0016532 0.0014012 -0.0035689 -0.0019271 -0.0157264 -0.0001877 -0.0043465 -0.0016283 0.0040014 -0.0085790 0.0000341 -0.0017755 -0.0070920 0.0082849 -0.0088954 -0.0211817 -0.0029213 -0.0039210 0.0012353 -0.0107818 -0.0074005 -0.0156779 -0.0194188 0.0013627 0.0089535 -0.0059348 -0.0039991 -0.0072449 -0.0100673 0.0005039 -0.0013017 -0.0003925 -0.0058445 -0.0067037 -0.0036022 -0.0041976 -0.0113162 0.0002922 -0.0052775 -0.0010734 -0.0047196 -0.0083584 -0.0096999 0.0005393 -0.0072622 -0.0096412 -0.0017326 -0.0017823 0.0039973 0.0048803 -0.0024213 -0.0084282 -0.0098314 -0.0026498 0.0071695 0.0035544 -0.0064506 -0.0024729 -0.0064577 0.0062632 0.0007598 -0.0048500 -0.0044051 -0.0075101 -0.0099072 -0.0145671 -0.0081036 -0.0051310 0.0006507 -0.0014704 0.0045190 -0.0062569 -0.0084403 -0.0081851 -0.0049171 -0.0066787 0.0012881 -0.0051944 -0.0013456 -0.0010890 -0.0107580 -0.0026428 -0.0080371 -0.0092587 -0.0118090 -0.0043477 -0.0174082 0.0134841 0.0070304 -0.0088299 -0.0101531 0.0037204 -0.0117414 -0.0160015 -0.0096840 -0.0033633 -0.0021295 -0.0037931 -0.0093904 -0.0054388 0.0083466 -0.0050080 -0.0007516 0.0018215 -0.0025549 -0.0054769
-0.0459410 -0.0116851 -0.0386674 -0.0088857 0.0026062 -0.0032903 0.0066497 0.0610287 -0.0060663 -0.0014925 -0.0052610 0.0026032 -0.0066032 -0.0028802 -0.0038838 0.0013151 -0.0054961 -0.0050323 1.0219539 -0.0067201 -0.0042746 -0.0032669 -0.0006731 -0.0002301 -0.0006724 -0.0096788 -0.0002002 0.0036899 -0.0107951 -0.0097649 -0.0116029 0.0003393 -0.0033634 -0.0134289 -0.0031050 -0.0026761 -0.0062007 -0.0055342 -0.0025714 -0.0142140 -0.0463909 -0.0015281 -0.0029245 -0.0020132 -0.0019147 -0.0057718 -0.0025118 -0.0044029 -0.0062022 0.0076006 -0.0111864 -0.0032365 0.0343155 -0.0036196 0.0006148 -0.0027126 -0.0032616 -0.0118701 -0.0023515 -0.0057140 0.0007303 0.0018980 -0.0063812 0.0010748 -0.0036494 -0.0067605 -0.0016562 -0.0102417 -0.0126709 -0.0058046 -0.0079562 -0.0031054 -0.0019971 -0.0019862 -0.0129994 -0.0221181 -0.0000664 -0.0056291 -0.0083746 -0.0010289 -0.0027368 -0.0026218 0.0015517 -0.0089757 -0.0063534 -0.0018908 0.0066819 0.0023617 -0.0067827 -0.0048929 -0.0025301 0.0037415 0.0052324 -0.0008445 -0.0107968 -0.0076784 -0.0019441 -0.0069245 0.0090082 -0.0000027 0.0004155 -0.0039574 0.0013980 -0.0076031 0.0012990 -0.0019716 -0.0054422 0.0015126 -0.0037027 -0.0058475 0.0015448 -0.0076777 -0.0017604 -0.0096610 -0.0069068 0.0012193 -0.0086876 -0.0037597 -0.0096202 -0.0054574 -0.0045933 0.0001661 -0.0044496 -0.0060178 -0.0114999 -0.0071102 0.0022084 -0.0016247 -0.0042489 0.0077265 -0.0033419 0.0027018 -0.0011035 -0.0092247 -0.0053784 0.0079368 -0.0065148 -0.0039484 -0.0057590 -0.0031981 -0.0030850 -0.0059632 -0.0030330 -0.0069426 -0.0019598 -0.0068425 -0.0156066 0.0105875 -0.0052957 0.0012343 -0.0046653 0.0006129 -0.0107032 0.0005581 -0.0010180 -0.0010972 -0.0090486 0.0004901 -0.0075771
0.0018369 -0.0072296 0.0000497 -0.0031983 -0.0041541 -0.0055633 -0.0132843 -0.0141292 -0.0037876 -0.0074395 -0.0061475 -0.0062062 -0.0144084 -0.0118243 -0.0075533 -0.0033131 0.0006989 -0.0144230 -0.0067201 1.1543049 -0.0145445 -0.0035771 -0.0085206 -0.0012422 -0.0017484 -0.0032841 -0.0079579 -0.0094504 -0.0113473 -0.0131809 -0.0103801 -0.0070259 -0.0053204 -0.0059938 -0.0074617 0.0052010 -0.0096010 -0.0049946 -0.0108406 -0.0066967 0.0012349 0.0036195 -0.0088839 -0.0072879 -0.0108719 -0.0088613 -0.0072743 -0.0061192 0.0024336 -0.0140008 -0.0125057 -0.0070961 -0.0092267 -0.0086772 0.0051509 -0.0055897 -0.0050226 -0.0047618 -0.0096947 -0.0068986 -0.0106368 -0.0054988 -0.0111844 -0.0099405 -0.0069779 -0.0115743 -0.0093191 -0.0023062 -0.0084144 -0.0116022 -0.0050235 -0.0179172 -0.0047580 -0.0024973 -0.0076048 -0.0043509 -0.0070161 -0.0023469 -0.0068235 -0.0006181 -0.0171192 -0.0033469 -0.0029878 -0.0104839 -0.0098078 -0.0076183 -0.0007953 -0.0117640 -0.0114914 -0.0087562 -0.0064973 0.0013710 -0.0018937 -0.0048897 -0.0109373 -0.0022373 -0.0016154 -0.0113715 -0.0063434 -0.0094224 0.0161676 -0.0092212 -0.0043346 -0.0070655 0.0003850 0.0011721 -0.0102654 -0.0108333 0.0009668 -0.0061488 -0.0095562 -0.0096409 -0.0134668 -0.0107522 -0.0147965 -0.0081045 -0.0111311 -0.0015568 -0.0010511 -0.0049483 -0.0014156 -0.0048516 -0.0152383 -0.0067028 -0.0105132 -0.0038875 -0.0038906 -0.0114723 -0.0005392 -0.0004000 -0.0079388 -0.0075889 -0.0070040 -0.0031148 -0.0095933 -0.0011538 -0.0056029 -0.0025024 -0.0063560 -0.0064149 -0.0115986 -0.0085792 -0.0085428 0.0134713 -0.0091407 -0.0031947 0.0829384 -0.0071215 -0.0082972 -0.0016974 -0.0038937 -0.0104596 0.0029027 -0.0132176 -0.0101812 -0.0176589 -0.0093553 -0.0085009 -0.0071888
-0.0645493 -0.0015056 -0.0577045 -0.0006927 -0.0151194 0.0030894 -0.0099964 0.0084560 0.0030574 -0.0013100 -0.0064977 -0.0116784 -0.0116755 -0.0033335 -0.0090723 -0.0028970 -0.0070644 0.0044507 -0.0042746 -0.0145445 1.0828816 -0.0029344 -0.0018922 0.0026646 -0.0020270 -0.0060665 -0.0006949 -0.0144518 -0.0017041 0.0045668 -0.0053371 0.0051256 -0.0097545 -0.0079032 0.0092114 -0.0162787 -0.0073228 -0.0066880 -0.0151179 0.0120988 -0.0648877 -0.0064032 -0.0043854 0.0036198 -0.0062738 -0.0062324 0.0024957 -0.0038427 -0.0163889 -0.0019538 0.0089994 -0.0027686 -0.0017631 0.0048376 -0.0012754 -0.0038138 -0.0008028 -0.0032877 -0.0000716 0.0014650 0.0053326 0.0043539 -0.0112748 0.0045225 0.0013482 -0.0016670 0.0067262 -0.0133556 -0.0171658 0.0023432 -0.0087089 0.0019249 0.0010950 -0.0059101 -0.0128728 -0.0296871 -0.0077769 0.0125332 -0.0014614 -0.0036480 0.0024555 -0.0121187 -0.0019693 0.0044924 -0.0031270 0.0103459 -0.0070921 -0.0102034 0.0017474 0.0010483 0.0017488 -0.0109058 -0.0041534 0.0003812 -0.0085839 -0.0053096 0.0003675 -0.0091205 -0.0034391 0.0057241 0.0009413 -0.0005926 -0.0014490 0.0052377 0.0002518 -0.0084449 0.0016260 -0.0000809 0.0000878 -0.0093936 0.0039597 0.0006061 -0.0082002 0.0049096 0.0134304 -0.0008726 -0.0047320 0.0004772 -0.0065309 -0.0062245 -0.0067866 0.0005913 0.0003908 -0.0078783 -0.0091534 -0.0088394 -0.0104505 0.0002578 -0.0058624 -0.0014708 -0.0127288 0.0047952 -0.0018780 -0.0064647 -0.0037353 0.0045388 -0.0045930 -0.0034183 -0.0036190 -0.0092625 -0.0027174 -0.0130447 -0.0066196 -0.0081541 0.0020055 -0.0128290 -0.0199394 -0.0136914 -0.0072230 -0.0079965 -0.0080792 0.0063748 -0.0008895 0.0035789 -0.0037378 0.0056262 0.0149490 -0.0013053 -0.0036385
-0.0519845 -0.0068872 -0.0486049 -0.0018634 -0.0046707 -0.0056857 0.0073635 -0.0020108 0.0022101 0.0001823 -0.0040892 -0.0071760 -0.0163063 -0.0032100 0.0046283 -0.0003183 0.0041959 -0.0017744 -0.0032669 -0.0035771 -0.0029344 1.0221944 0.0049653 0.0033435 -0.0027452 -0.0053687 0.0018322 -0.0084630 -0.0086371 -0.0107120 -0.0060163 0.0003725 -0.0037382 -0.0083451 0.0034322 -0.0025977 0.0109574 -0.0010358 -0.0066594 -0.0048507 -0.0524207 0.0020220 0.0047670 0.0006086 -0.0033873 -0.0049539 0.0012312 -0.0059132 -0.0025654 0.0012384 0.0018828 0.0019548 0.0039761 0.0052023 0.0008320 0.0027609 0.0053995 -0.0077220 0.0030542 0.0002813 -0.0017351 0.0041600 0.0006647 0.0032571 0.0097328 -0.0071826 -0.0009178 -0.0056075 -0.0139468 -0.0056433 -0.0077269 -0.0141366 -0.0087366 0.0067590 -0.0033031 -0.0281893 0.0003266 -0.0000112 0.0012269 0.0017682 0.0010727 0.0036012 -0.0097609 -0.0089442 -0.0028754 -0.0023252 -0.0028788 -0.0023692 -0.0025168 -0.0041017 -0.0019671 -0.0045396 0.0032406 0.0024699 -0.0076586 -0.0138216 0.0035780 -0.0067773 -0.0080292 -0.0028715 0.0012384 0.0004762 -0.0002478 -0.0068801 -0.0003684 -0.0030416 -0.0045832 -0.0014399 0.0053300 -0.0027590 -0.0007825 0.0088092 -0.0028278 -0.0027898 0.0011723 0.0031345 0.0011818 0.0022089 -0.0094238 0.0026847 -0.0057533 0.0023465 -0.0079742 -0.0054388 0.0015301 -0.0046883 -0.0099088 0.0022291 -0.0019260 -0.0011430 -0.0081753 0.0115969 0.0068958 -0.0045393 -0.0030013 0.0018711 -0.0043998 -0.0096228 -0.0063053 -0.0068645 -0.0107921 -0.0014800 0.0016257 -0.0064389 -0.0003808 -0.0118335 -0.0004141 -0.0064353 -0.0029639 0.0019511 -0.0021732 -0.0029191 0.0024361 0.0087741 -0.0017011 -0.0021353 -0.0040747 0.0001080 -0.0005618
-0.0476210 -0.0081466 -0.0433256 -0.0048186 0.0003076 -0.0028375 0.0033156 -0.0064234 -0.0002270 -0.0048858 -0.0004957 -0.0102290 -0.0031956 -0.0015797 0.0012986 -0.0013338 0.0036758 -0.0084853 -0.0006731 -0.0085206 -0.0018922 0.0049653 1.0480508 -0.0036613 -0.0053187 -0.0035905 0.0031220 -0.0107741 -0.0033202 -0.0012142 -0.0085154 0.0012536 -0.0058196 -0.0036442 0.0027740 -0.0071419 0.0105640 -0.0048043 -0.0084277 -0.0042522 -0.0483706 0.0010445 -0.0058219 0.0028783 -0.0023712 0.0007474 -0.0032200 -0.0078043 0.0016058 0.0016853 -0.0034122 -0.0013347 -0.0021920 -0.0013217 0.0011230 -0.0063060 0.0025036 0.0042066 -0.0004987 0.0018340 0.0008637 0.0014256 -0.0014605 -0.0034398 0.0087460 -0.0010799 -0.0003735 -0.0002835 -0.0100693 -0.0041831 -0.0098945 -0.0107751 -0.0144962 0.0022207 -0.0087892 -0.0197819 0.0002649 -0.0038865 -0.0008788 0.0035900 -0.0071872 -0.0070794 -0.0059675 -0.0093486 -0.0029052 0.0049848 -0.0102661 0.0038173 0.0044852 -0.0077877 -0.0001296 -0.0065365 -0.0069023 -0.0038118 0.0031363 -0.0078078 0.0020984 -0.0068907 0.0017692 -0.0040144 -0.0007608 -0.0027594 -0.0058010 0.0050174 0.0037407 -0.0001740 -0.0027081 -0.0009389 -0.0012527 0.0036309 0.0016001 -0.0051416 -0.0086426 0.0027563 0.0012245 -0.0039802 0.0015752 0.0001441 -0.0014480 -0.0003948 -0.0047922 0.0025876 -0.0076345 -0.0064752 0.0006137 0.0007892 -0.0064628 -0.0056304 0.0017245 -0.0036726 -0.0045884 0.0022054 -0.0000193 0.0046680 0.0027569 -0.0069216 -0.0055549 -0.0036037 -0.0005749 -0.0059812 -0.0068767 -0.0011970 0.0085285 0.0190721 -0.0030504 -0.0069539 -0.0069003 -0.0081509 -0.0034013 -0.0033582 -0.0066226 -0.0076132 -0.0038223 0.0001624 -0.0078195 -0.0070024 -0.0036962 -0.0042141 -0.0089578
