0.0595462 0.8982644 0.0421894
0.9959587 0.0039411 0.0001001
0.0642629 0.8417879 0.0939492
0.0622160 0.8850823 0.0527016
0.0812063 0.8805420 0.0382516
0.0042706 0.9830489 0.0126805
0.0383725 0.9098452 0.0517824
0.0000998 0.0020299 0.9978703
0.0607656 0.6226051 0.3166293
0.0812049 0.8650090 0.0537860
0.0000998 0.9767190 0.0231812
0.0001000 0.9101205 0.0897794
0.0403510 0.9285861 0.0310629
0.0112580 0.8976218 0.0911203
0.9817783 0.0000989 0.0181228
0.0192931 0.9671147 0.0135923
0.1004133 0.8640372 0.0355495
0.0519917 0.9030626 0.0449456
0.0722059 0.9105620 0.0172321
0.0841139 0.8366262 0.0792600
0.0256850 0.9713339 0.0029811
0.0938332 0.9060667 0.0001000
0.0384811 0.7526132 0.2089056
0.1002053 0.8914729 0.0083218
0.9763701 0.0235294 0.0001004
0.0784439 0.8894404 0.0321156
0.0708230 0.8373418 0.0918352
0.0245420 0.9474316 0.0280265
0.0821494 0.8711507 0.0466999
0.0455122 0.7872242 0.1672636
0.0236379 0.9030731 0.0732890
0.0519563 0.9332649 0.0147788
0.0204332 0.9320596 0.0475071
0.0070679 0.9695529 0.0233791
0.0372905 0.9341840 0.0285256
0.0695126 0.8906948 0.0397926
0.0114829 0.9238240 0.0646931
0.0217548 0.9363623 0.0418829
0.0000998 0.9243687 0.0755315
0.0124691 0.9167264 0.0708045
0.0422025 0.9213614 0.0364361
0.1319554 0.8527367 0.0153079
0.3948731 0.6050262 0.0001007
0.0222655 0.9491504 0.0285840
0.0140861 0.9068234 0.0790905
0.0618847 0.0001009 0.9380143
0.0770288 0.8571154 0.0658558
0.0226598 0.9699445 0.0073957
0.0029698 0.9969305 0.0000997
0.0735925 0.8749564 0.0514511
0.0584623 0.9008422 0.0406955
0.0251879 0.9584334 0.0163787
0.0135745 0.8421751 0.1442504
0.0297075 0.9228352 0.0474572
0.0426127 0.9148241 0.0425632
0.0636864 0.9008094 0.0355042
0.0034217 0.9720151 0.0245631
0.0651256 0.8971249 0.0377495
0.1134558 0.8280240 0.0585201
0.0000998 0.9621173 0.0377829
0.0703755 0.9032429 0.0263815
0.0392465 0.9058302 0.0549232
0.0054752 0.9526638 0.0418610
0.0695946 0.8134840 0.1169214
0.0474959 0.9366170 0.0158870
0.0746149 0.8753596 0.0500255
0.1255824 0.8699204 0.0044971
0.0245419 0.9458200 0.0296382
0.0524486 0.7514663 0.1960852
0.0000998 0.9851989 0.0147014
0.0309699 0.9466414 0.0223886
0.0338535 0.9441252 0.0220213
0.0630629 0.9060447 0.0308925
0.0733615 0.9005324 0.0261061
0.0255361 0.9743641 0.0000997
0.0549566 0.8836144 0.0614289
0.0032769 0.9926070 0.0041161
0.0000997 0.9953212 0.0045791
0.0529110 0.9111483 0.0359408
0.0671622 0.8812051 0.0516327
0.0000997 0.9967267 0.0031735
0.0546001 0.8745720 0.0708280
0.0025212 0.9973790 0.0000997
0.1023337 0.8465710 0.0510952
0.0871499 0.8809115 0.0319385
0.0505433 0.9314944 0.0179623
0.0928040 0.8507887 0.0564073
0.0140011 0.9546307 0.0313682
0.0637546 0.9151572 0.0210882
0.0187605 0.9437081 0.0375315
0.0440791 0.7828893 0.1730316
0.0205108 0.9508257 0.0286635
0.0000998 0.9783657 0.0215345
0.0188494 0.9357893 0.0453613
0.0000998 0.0015291 0.9983710
0.0000999 0.9986991 0.0012011
0.0000999 0.0008952 0.9990049
0.0000999 0.9467843 0.0531157
0.0584836 0.9349995 0.0065169
0.0148600 0.9293821 0.0557579
0.0326232 0.9249901 0.0423867
0.0356839 0.7304739 0.2338422
0.0646392 0.9199465 0.0154144
0.0549969 0.7429519 0.2020511
0.0437158 0.8836297 0.0726545
0.0277710 0.9652448 0.0069843
0.0589871 0.9112586 0.0297543
0.0004767 0.9304450 0.0690785
0.0938362 0.7494778 0.1566860
0.0030285 0.9962381 0.0007335
0.0000998 0.9764159 0.0234843
0.0171973 0.8179224 0.1648804
0.0053869 0.9449027 0.0497104
0.0941185 0.8608695 0.0450120
0.0255201 0.9433817 0.0310982
0.0684593 0.9314407 0.0001000
0.0385401 0.9259019 0.0355580
0.1142131 0.7995167 0.0862701
0.0857704 0.8752306 0.0389991
0.1083065 0.8915936 0.0000999
0.0036136 0.9898649 0.0065216
0.0400743 0.9258903 0.0340354
0.0749456 0.8576903 0.0673641
0.0715019 0.9069731 0.0215250
0.0857769 0.8835790 0.0306440
0.0901434 0.8965706 0.0132860
0.0212695 0.9766201 0.0021104
0.0657882 0.8712104 0.0630014
0.0482061 0.0001000 0.9516939
0.0029715 0.9436513 0.0533772
0.1286147 0.7322734 0.1391120
0.0269343 0.9233444 0.0497214
0.0596334 0.9068869 0.0334796
0.0054124 0.9374521 0.0571356
0.0272463 0.9324731 0.0402807
0.0640549 0.8824871 0.0534580
0.0000998 0.9890603 0.0108398
0.0363798 0.9191107 0.0445095
0.1450717 0.8548282 0.0001000
0.9799588 0.0000987 0.0199424
0.0025010 0.9021410 0.0953580
0.0000998 0.9768600 0.0230402
0.0236471 0.9681059 0.0082471
0.0814612 0.9123055 0.0062332
0.0299607 0.9547445 0.0152948
0.3149761 0.6849233 0.0001006
0.0154104 0.9721541 0.0124355
0.2058306 0.7940691 0.0001003
0.0213201 0.9140320 0.0646478
0.0000999 0.9186717 0.0812283
0.3958766 0.6040227 0.0001007
0.0587170 0.9351758 0.0061072
0.0982504 0.8641480 0.0376016
0.0650973 0.8008783 0.1340243
0.0582499 0.9058891 0.0358610
