1.0489962 -0.0261551 -0.0086306 0.0011670 0.0004405 0.0029176 0.0019397 -0.0483597 -0.0134682 0.0171619 -0.0129344 -0.0117629 0.0083204 -0.0162701 -0.0330925 0.0018120 -0.0041058 -0.0001940 0.0235984 0.0043143 -0.0155570 0.0116036 -0.0169606 0.0037034 -0.0232418 -0.0032489 -0.0160309 -0.0062517 -0.0060958 -0.0072677 0.0089808 0.0012978 0.0031147 0.0157513 0.0006049 0.0005313 -0.0052624 0.0038436 -0.0209663 0.0055219 -0.0042309 -0.0023175 -0.0097982 0.0018453 0.0015752 -0.0428221 -0.0050152 0.0007278 0.0073361 0.0004918 0.0076357 -0.0016417 -0.0105514 0.0065587 0.0045577 -0.0015935 0.0034314 -0.0087412 0.0072548 -0.0087187 -0.0053935 -0.0054826 0.0133855 -0.0093752 -0.0067394 -0.0075546 0.0025358 0.0064939 -0.0170689 0.0029387 0.0032667 -0.0052446 0.0063239 0.0053552 -0.0041538 -0.0107956 -0.0108715 0.0005987 -0.0083481 -0.0122154 -0.0031068 -0.0044953 -0.0024899 -0.0030709 -0.0013198 -0.0043316 0.0133407 -0.0040445 -0.0124419 0.0116824 -0.0046343 -0.0085769 -0.0106863 -0.0056670 -0.0485447 -0.0092513 -0.0483719 -0.0091483 -0.0161660 -0.0000295 -0.0073532 -0.0162272 -0.0027524 -0.0158525 0.0000937 -0.0166713 0.0107674 -0.0025311 -0.0034670 -0.0115357 0.0001635 -0.0178497 -0.0093529 -0.0022199 0.0011296 0.0056484 0.0161616 -0.0168556 0.0090214 -0.0076946 0.0039767 0.0097144 -0.0097567 0.0092202 -0.0007907 -0.0010039 0.0052591 0.0074367 -0.0448921 -0.0105517 -0.0004513 0.0001173 -0.0001166 -0.0117387 0.0034052 -0.0032303 0.0040737 0.0110755 0.0005499 -0.0336595 -0.0104596 -0.0162440 0.0081120 0.0139214 0.0089456 -0.0068567 -0.0051308 0.0053837 -0.0088801 -0.0130617 -0.0114387 -0.0196720 -0.0043636 -0.0304081 0.0042455
-0.0261551 1.5325303 -0.0274279 -0.0281641 -0.0128064 -0.0699062 -0.0389728 -0.0567812 -0.0167746 -0.0051367 -0.0706060 -0.0692597 -0.0536082 -0.0565228 0.9723271 -0.0575885 0.0178552 -0.0365061 -0.0326253 -0.0231661 -0.0446151 -0.0036437 -0.0479917 0.0077143 1.1956823 -0.0012298 -0.0191315 -0.0544997 0.0112021 -0.0433890 -0.0625250 -0.0343944 -0.0645678 -0.0701916 -0.0453900 -0.0102508 -0.0513212 -0.0548138 -0.0894578 -0.0701763 -0.0415560 0.0216721 0.2037972 -0.0620381 -0.0687035 0.0092125 -0.0064447 -0.0643244 -0.0583407 -0.0221352 -0.0321318 -0.0653375 -0.0673512 -0.0514531 -0.0438123 -0.0262170 -0.0792417 -0.0291178 0.0406299 -0.0749884 -0.0137541 -0.0433953 -0.0834805 -0.0261901 -0.0271104 -0.0147199 0.0458655 -0.0543893 -0.0358159 -0.0744891 -0.0493905 -0.0500300 -0.0218217 -0.0218110 -0.0517855 -0.0256546 -0.0697384 -0.0828932 -0.0294648 -0.0175235 -0.0910842 -0.0306606 -0.0729880 0.0291669 -0.0166295 -0.0400861 0.0011132 -0.0635533 -0.0164722 -0.0679391 -0.0439226 -0.0575229 -0.0745028 -0.0594055 -0.0589411 -0.0793602 -0.0591132 -0.0843940 -0.0192054 -0.0632849 -0.0451959 -0.0476189 -0.0168781 -0.0321431 -0.0432160 -0.0435669 -0.0261472 -0.0666237 -0.0069589 -0.0729282 -0.0767951 -0.0671612 -0.0566076 0.0015978 -0.0583347 -0.0208145 -0.0454813 0.0316330 0.0002913 0.0138196 -0.0756839 -0.0336742 -0.0227455 -0.0239014 -0.0181088 -0.0032849 -0.0649707 -0.0281864 0.0032264 -0.0676846 0.0224894 -0.0577345 -0.0289924 -0.0722971 -0.0539524 -0.0066007 -0.0811241 -0.0572284 0.0485275 0.9366779 -0.0754183 -0.0739266 -0.0489267 -0.0171223 -0.0567373 0.1659862 -0.0656206 0.1366379 -0.0661977 -0.0728097 0.1889930 -0.0134056 0.0096414 -0.0192016 -0.0300422
-0.0086306 -0.0274279 1.1168847 0.0078851 -0.0046296 0.0017694 -0.0022395 0.0000021 -0.0088649 -0.0141320 -0.0080829 0.0006588 -0.0159764 -0.0071237 -0.0119776 -0.0045650 -0.0076772 -0.0036421 -0.0170385 0.0084207 -0.0109043 -0.0147070 0.0092346 -0.0088362 -0.0256852 0.0001320 -0.0031907 0.0064807 -0.0068837 0.0091179 -0.0112714 -0.0008362 -0.0060506 -0.0185986 -0.0014607 0.0044217 -0.0194513 -0.0091914 -0.0199226 -0.0163303 0.0052131 -0.0056184 -0.0219488 -0.0030058 -0.0016748 -0.0027004 0.0066723 -0.0114264 -0.0165196 -0.0055673 -0.0137980 -0.0082800 0.0012851 -0.0012882 -0.0129288 -0.0056398 -0.0062278 0.0097662 -0.0041204 -0.0090525 -0.0039054 0.0003008 -0.0067377 0.0101484 -0.0044147 -0.0087953 -0.0003958 -0.0071503 0.0065238 -0.0034576 -0.0084119 0.0065875 0.0072041 -0.0044060 -0.0079288 -0.0031522 -0.0113774 -0.0161324 0.0026713 0.0047939 -0.0005145 0.0097423 -0.0069952 -0.0011468 -0.0081541 -0.0093235 -0.0085821 -0.0069809 -0.0042799 -0.0070583 0.0064002 -0.0041756 -0.0074924 -0.0016252 -0.0002376 -0.0093444 0.0001284 0.0044848 -0.0123190 -0.0045592 -0.0115326 -0.0001314 -0.0106156 -0.0030181 -0.0042703 -0.0154722 0.0004231 -0.0109636 0.0058465 -0.0082148 -0.0025160 0.0059813 -0.0075155 -0.0030112 -0.0088617 -0.0048614 -0.0067204 -0.0171645 -0.0095117 -0.0147700 -0.0042939 -0.0181152 -0.0156814 -0.0090829 -0.0085713 -0.0039007 -0.0049143 -0.0060635 -0.0034325 -0.0046672 0.0093874 0.0003048 0.0010453 -0.0005709 -0.0056245 -0.0031721 -0.0116998 -0.0102377 -0.0069685 -0.0106761 -0.0070175 -0.0078792 -0.0145999 -0.0173989 0.0033998 -0.0134041 0.0069014 -0.0055077 -0.0114066 -0.0029877 -0.0219112 -0.0179717 -0.0097178 -0.0043942 0.0024792
0.0011670 -0.0281641 0.0078851 1.1406724 0.0025832 -0.0032907 0.0015824 -0.0420382 -0.0041385 -0.0022084 -0.0037023 -0.0114318 0.0041144 -0.0174431 -0.0195426 -0.0043050 0.0002045 0.0001329 -0.0129575 -0.0138657 -0.0106060 -0.0159642 -0.0045260 -0.0083657 -0.0271121 -0.0002648 -0.0015393 0.0006403 -0.0072607 -0.0100198 0.0068434 -0.0039060 -0.0047915 -0.0047651 0.0039153 0.0137154 -0.0083734 0.0133736 -0.0083263 -0.0115571 0.0034725 -0.0014411 -0.0134522 0.0021946 -0.0067869 -0.0365904 0.0190039 -0.0076894 -0.0107214 0.0007619 -0.0103343 0.0084848 -0.0103112 -0.0053339 0.0180774 0.0016830 0.0080280 -0.0039607 -0.0111415 -0.0103014 -0.0063971 0.0005834 -0.0110265 -0.0076472 -0.0094952 0.0133373 -0.0011650 0.0035824 -0.0026196 -0.0096999 -0.0056350 -0.0015649 0.0043243 0.0022565 -0.0047113 -0.0071357 -0.0107884 -0.0005855 -0.0064116 0.0015299 -0.0013003 0.0102097 -0.0050586 -0.0078557 -0.0077778 0.0050185 -0.0013300 -0.0076044 0.0005314 0.0087004 -0.0076026 0.0107068 -0.0042233 0.0039229 -0.0436459 -0.0093668 -0.0446792 -0.0099511 -0.0046583 0.0030779 -0.0000477 -0.0186009 -0.0040163 -0.0167616 0.0016672 -0.0110700 0.0007034 0.0026745 -0.0147930 -0.0068859 0.0000132 -0.0091489 -0.0127388 0.0029590 -0.0050067 -0.0019181 0.0062643 -0.0162673 -0.0040210 -0.0212089 -0.0050249 -0.0119856 -0.0049493 0.0012641 -0.0077554 -0.0030064 -0.0006167 -0.0057063 -0.0386791 -0.0104569 -0.0151088 0.0032322 -0.0018472 -0.0103295 0.0045464 -0.0104580 0.0011425 -0.0067034 -0.0025182 -0.0177679 -0.0108457 -0.0127803 -0.0031455 -0.0053622 0.0011485 -0.0129399 -0.0037023 -0.0133213 -0.0067716 -0.0101182 -0.0126596 -0.0167439 -0.0028795 -0.0231980 -0.0043876
0.0004405 -0.0128064 -0.0046296 0.0025832 1.0900935 -0.0031689 -0.0085110 -0.0614036 -0.0227717 0.0089061 -0.0102948 -0.0154938 -0.0031184 -0.0214355 -0.0116737 0.0022126 0.0064865 0.0226768 -0.0036193 0.0025441 -0.0197050 -0.0086325 -0.0086063 -0.0001196 -0.0109189 -0.0004927 -0.0020466 -0.0026121 -0.0064531 -0.0059546 -0.0099925 0.0082331 -0.0030453 0.0121483 0.0114841 -0.0048758 -0.0280628 0.0173464 -0.0186021 0.0130081 0.0027407 0.0076477 -0.0027266 0.0036864 -0.0063817 -0.0357552 0.0025017 -0.0037275 -0.0088207 -0.0029939 -0.0085679 0.0010692 -0.0196658 0.0013994 -0.0072242 0.0059413 -0.0032475 -0.0018896 0.0222181 -0.0090349 -0.0026962 0.0038668 -0.0039583 -0.0075336 -0.0066983 0.0046224 0.0038369 -0.0021963 -0.0078144 -0.0054674 0.0014040 -0.0132093 -0.0002719 0.0000926 -0.0030907 -0.0092847 -0.0157813 -0.0102630 -0.0099128 0.0014646 -0.0028855 0.0002239 0.0037607 -0.0035762 -0.0036632 -0.0008407 0.0008322 -0.0065482 0.0028343 -0.0038624 -0.0034491 -0.0080619 -0.0084900 -0.0065452 -0.0609869 -0.0153976 -0.0609509 -0.0113444 -0.0215852 -0.0100088 -0.0094153 -0.0228795 -0.0004265 0.0024741 0.0400634 -0.0227508 -0.0041300 -0.0142075 -0.0166950 -0.0083328 -0.0091191 -0.0230116 -0.0161787 0.0217597 0.0028864 0.0027948 -0.0008023 0.0019628 -0.0053293 0.0160048 0.0108364 0.0040136 -0.0009938 0.0124133 -0.0038663 -0.0000612 0.0048971 -0.0015203 -0.0380402 -0.0076234 -0.0231910 -0.0044214 0.0217214 -0.0144085 -0.0012545 -0.0044699 -0.0001308 0.0142273 0.0020925 -0.0119767 -0.0174869 -0.0214573 -0.0074240 -0.0031433 0.0082111 0.0029881 -0.0163625 -0.0015252 -0.0071765 -0.0035392 -0.0033760 -0.0132759 0.0001388 -0.0362715 0.0059436
0.0029176 -0.0699062 0.0017694 -0.0032907 -0.0031689 1.0493066 0.0273593 -0.0864743 -0.0392671 -0.0115098 0.0184711 0.0004719 -0.0147017 -0.0097240 -0.0754778 0.0037670 -0.0075113 -0.0029505 -0.0115782 -0.0169767 -0.0051836 0.0059358 -0.0257469 -0.0009827 -0.0689724 -0.0110163 -0.0064374 -0.0008484 -0.0017953 -0.0106144 -0.0043442 0.0057902 0.0007369 0.0280673 -0.0018131 -0.0052997 -0.0008190 0.0286369 0.0338281 0.0029982 0.0013012 -0.0059161 -0.0339928 0.0237257 0.0117659 -0.0801070 -0.0040981 0.0236884 0.0253437 -0.0117697 0.0013392 -0.0080248 -0.0055498 -0.0062264 -0.0047438 -0.0077943 0.0284157 0.0014720 -0.0188271 0.0181232 -0.0058406 -0.0008016 0.0091260 -0.0148639 -0.0087841 -0.0062505 -0.0020902 0.0296909 -0.0229254 0.0156078 -0.0025930 0.0240233 -0.0012160 -0.0023776 0.0035940 -0.0085058 0.0012372 0.0268356 0.0025416 0.0057454 0.0151074 -0.0084561 0.0046341 -0.0048372 -0.0138154 -0.0037374 -0.0221218 -0.0067000 -0.0024438 0.0059602 -0.0142350 0.0081489 0.0188190 -0.0058622 -0.0858537 0.0037929 -0.0856068 0.0197601 0.0231987 -0.0055011 0.0254496 -0.0293243 -0.0100112 -0.0119250 0.0006751 -0.0049112 0.0000802 0.0190820 -0.0170492 0.0085662 0.0017399 -0.0072495 -0.0114297 -0.0127268 0.0017396 0.0096549 -0.0087874 -0.0244295 -0.0047446 0.0137119 0.0231595 0.0195174 -0.0251895 -0.0097082 -0.0141096 -0.0057841 0.0127238 -0.0140184 -0.0819267 0.0036900 -0.0232778 -0.0062660 0.0004731 0.0587373 0.0348368 -0.0140060 0.0168808 -0.0183580 -0.0102509 -0.0748029 -0.0064854 -0.0030357 -0.0031353 0.0080239 0.0131300 -0.0271233 0.0680875 -0.0111707 -0.0145814 0.0029613 -0.0354175 0.0388440 -0.0031409 0.0211815 0.0042536
0.0019397 -0.0389728 -0.0022395 0.0015824 -0.0085110 0.0273593 1.1222869 -0.0382857 -0.0269351 -0.0123009 -0.0115740 -0.0194509 -0.0123948 -0.0089686 -0.0407474 -0.0060562 -0.0052023 -0.0059128 -0.0191585 -0.0112031 -0.0149453 -0.0191450 -0.0060446 -0.0128523 -0.0378446 0.0043967 -0.0006034 0.0000626 -0.0097807 -0.0056491 -0.0084606 -0.0033548 -0.0025524 0.0156306 0.0058316 -0.0044115 -0.0153679 0.0369215 0.0159925 -0.0183211 -0.0001133 -0.0057204 -0.0211510 0.0235327 -0.0079447 -0.0375555 0.0019938 0.0161830 0.0217194 -0.0021630 -0.0055163 -0.0100177 -0.0109772 -0.0034362 -0.0045255 -0.0059976 0.0288939 -0.0014875 -0.0140405 -0.0140312 -0.0089873 -0.0023769 0.0038386 -0.0062199 -0.0045393 -0.0042007 -0.0033099 0.0309020 -0.0110314 -0.0087878 -0.0006980 -0.0026963 -0.0014370 -0.0012586 -0.0038304 -0.0077566 -0.0124303 0.0234023 -0.0087926 0.0131293 0.0003410 -0.0045388 -0.0035279 -0.0076426 -0.0154782 -0.0043841 -0.0017663 -0.0011228 -0.0070303 -0.0027305 -0.0059700 -0.0088516 -0.0088640 -0.0032720 -0.0394598 -0.0077095 -0.0383840 -0.0106000 0.0194355 -0.0075523 0.0292830 -0.0170606 -0.0060744 -0.0186648 -0.0064174 -0.0176137 -0.0057274 0.0258839 -0.0108180 0.0003830 0.0058098 -0.0140826 -0.0154325 -0.0055296 -0.0069165 0.0089637 -0.0080283 -0.0087146 -0.0089105 -0.0185593 0.0206541 -0.0086557 -0.0028803 -0.0099689 -0.0143761 -0.0005343 -0.0007088 -0.0113296 -0.0399784 0.0050367 -0.0192831 -0.0059646 -0.0030868 -0.0110085 0.0336507 -0.0082182 0.0186684 -0.0088964 -0.0120869 -0.0388016 -0.0155097 -0.0140437 0.0000893 0.0036864 0.0073064 -0.0150465 0.0083969 -0.0141287 -0.0105391 -0.0080639 -0.0198470 0.0158892 -0.0095411 -0.0026604 -0.0047291
-0.0483597 -0.0567812 0.0000021 -0.0420382 -0.0614036 -0.0864743 -0.0382857 1.6219615 0.2666417 -0.0336983 -0.0651083 0.0149121 -0.0666341 0.0184232 -0.0219279 -0.0832843 -0.0597407 -0.0541946 -0.0791748 -0.0160564 -0.0906661 -0.0965597 0.1156136 -0.0923838 -0.0615913 -0.0587151 0.0035281 -0.0712310 -0.0346889 0.0755267 -0.0161764 -0.0833366 -0.0532466 -0.0760702 -0.0681996 -0.0524531 -0.0143253 -0.0558497 0.0060643 -0.0171455 -0.0619958 -0.0751065 -0.1022301 -0.0734987 -0.0108536 1.0157633 -0.0263519 -0.0958430 -0.1149661 -0.0416582 -0.0535474 -0.0822630 0.0602963 -0.0430258 -0.0518717 -0.0580471 -0.0754745 -0.0582641 -0.0335089 -0.0528952 -0.0656781 -0.0376153 -0.0549471 0.0326123 -0.0707674 -0.0428347 -0.0950803 -0.0727577 0.1035784 -0.0796170 -0.0746820 -0.0728628 -0.0648161 -0.0687357 -0.1153564 -0.0189043 -0.0893032 -0.0928179 -0.0506394 -0.0430731 -0.0970961 -0.0279816 -0.1024624 -0.0384417 -0.0603938 -0.0799092 -0.0377835 -0.0708017 -0.0722834 -0.0607430 0.0959992 -0.0651683 -0.0673478 -0.0521366 1.3329206 -0.0934346 1.3158990 -0.0275452 -0.0860582 -0.0427167 -0.0575570 0.1486150 -0.0765992 0.0970099 -0.0227968 -0.0848258 -0.0693989 -0.0224823 0.0623999 -0.0953401 -0.0656640 0.0766670 -0.0253986 -0.0495812 -0.0723604 -0.1002959 -0.0615446 0.0054446 -0.0608628 -0.1128330 -0.0918301 -0.0625146 -0.0213098 -0.0783350 -0.0620958 -0.0824633 -0.0991140 -0.0320270 1.0729100 -0.0301539 0.0432888 -0.0435159 -0.0678326 -0.0194219 -0.0580096 -0.0300125 -0.0896799 -0.0449318 -0.1150179 -0.0178122 0.0305525 -0.0588647 -0.0813581 -0.0966631 -0.0860843 -0.0874347 -0.0851680 -0.0958552 -0.0378163 0.0090681 -0.0940773 -0.0871491 -0.0534050 0.0648626 -0.0616331
-0.0134682 -0.0167746 -0.0088649 -0.0041385 -0.0227717 -0.0392671 -0.0269351 0.2666417 1.1354051 0.0107995 -0.0190251 0.0258069 -0.0060583 0.0298607 0.0091805 -0.0287164 -0.0081481 -0.0207087 -0.0222572 -0.0188821 -0.0367816 -0.0315580 -0.0045155 -0.0287536 -0.0159011 -0.0165839 -0.0081587 -0.0273186 -0.0038155 -0.0100528 -0.0046543 -0.0296969 -0.0142440 -0.0168692 -0.0245199 -0.0230836 0.0092752 -0.0151106 0.0439470 0.0117021 -0.0289197 -0.0186680 -0.0455993 -0.0007019 -0.0233394 0.2323585 -0.0197173 -0.0364506 -0.0456551 -0.0128062 -0.0142668 0.0284474 -0.0119459 -0.0055090 -0.0101150 -0.0243421 -0.0147707 -0.0286095 -0.0094832 -0.0205531 -0.0093992 -0.0085333 -0.0138336 -0.0052250 -0.0171213 -0.0097732 -0.0155543 -0.0004080 -0.0091291 -0.0350854 -0.0324633 -0.0459923 -0.0251277 -0.0193127 -0.0451211 0.0042490 -0.0312822 -0.0197352 -0.0446314 -0.0233004 -0.0370592 -0.0175187 -0.0419217 0.0010215 -0.0297101 -0.0267221 -0.0213298 -0.0338135 -0.0077856 -0.0203965 0.0001955 -0.0274456 -0.0209463 -0.0297309 0.2963170 -0.0282303 0.3016923 0.0032729 0.0025870 -0.0176906 -0.0270525 0.0200991 -0.0288741 -0.0053160 -0.0136521 -0.0351652 -0.0247088 0.0011162 0.0016881 -0.0392609 -0.0254401 -0.0048740 0.0030711 -0.0198534 -0.0234119 -0.0301237 -0.0090121 0.0256874 0.0059788 -0.0253173 -0.0298291 -0.0240193 -0.0121750 -0.0203575 -0.0306084 -0.0277291 -0.0324532 -0.0179562 0.2025738 -0.0166769 -0.0295374 -0.0089583 -0.0311639 0.0157376 -0.0236801 -0.0122820 -0.0155075 -0.0138912 -0.0314447 0.0101241 0.0359775 -0.0125353 -0.0275244 -0.0270518 -0.0295187 -0.0389900 -0.0357029 -0.0317013 -0.0271346 0.0358434 -0.0461998 -0.0343054 -0.0042012 0.0393220 -0.0128676
0.0171619 -0.0051367 -0.0141320 -0.0022084 0.0089061 -0.0115098 -0.0123009 -0.0336983 0.0107995 1.1604160 -0.0239823 -0.0127755 0.0164424 -0.0346844 -0.0158212 -0.0090708 -0.0111346 0.0025690 0.0459350 0.0070736 -0.0299708 0.0233199 -0.0072490 0.0123596 -0.0054330 -0.0151296 -0.0121440 -0.0132335 -0.0162784 -0.0088147 0.0379823 -0.0088207 -0.0018917 0.0571184 -0.0052079 -0.0127488 -0.0016687 -0.0000736 -0.0318773 0.0099474 -0.0105507 -0.0018627 -0.0234643 0.0034717 -0.0023455 -0.0392010 -0.0107392 -0.0124320 -0.0144955 -0.0006569 0.0144990 0.0123336 -0.0220867 0.0095870 0.0270230 -0.0054854 -0.0085540 -0.0208905 0.0278817 -0.0177896 0.0322605 -0.0158935 0.0201369 -0.0146804 -0.0004520 0.0030130 0.0108982 -0.0125708 -0.0104238 0.0019999 -0.0080813 -0.0238417 -0.0003329 0.0019332 -0.0133232 -0.0082547 -0.0286321 -0.0103125 -0.0230160 -0.0125224 -0.0132792 0.0066974 -0.0052184 0.0014430 -0.0107740 -0.0032526 0.0166235 -0.0144331 -0.0069659 0.0014339 -0.0064471 -0.0205952 -0.0239463 -0.0157459 -0.0335864 -0.0236873 -0.0343296 -0.0189818 -0.0059658 0.0045833 -0.0077961 -0.0153590 0.0129357 -0.0310826 -0.0097179 -0.0332625 -0.0031858 -0.0103540 0.0223505 -0.0183089 -0.0128336 -0.0187000 -0.0170362 0.0025383 -0.0093867 -0.0086300 0.0045838 -0.0080810 0.0257185 0.0074230 -0.0038160 -0.0012633 -0.0114412 0.0197248 -0.0113296 -0.0151166 -0.0062306 -0.0002886 -0.0393600 -0.0192561 -0.0073953 -0.0005587 -0.0088793 -0.0282679 -0.0090385 -0.0039863 0.0103193 0.0383863 0.0004004 -0.0155964 -0.0207451 -0.0321454 0.0009731 0.0290853 0.0024850 -0.0105290 -0.0107301 0.0165543 0.0026644 -0.0173853 -0.0240376 -0.0286288 -0.0012530 -0.0433471 -0.0091854
-0.0129344 -0.0706060 -0.0080829 -0.0037023 -0.0102948 0.0184711 -0.0115740 -0.0651083 -0.0190251 -0.0239823 1.1031169 -0.0010431 0.0033425 0.0088590 -0.0782748 -0.0022001 -0.0019190 -0.0065765 -0.0154654 -0.0132921 0.0268005 -0.0102685 -0.0231859 -0.0011290 -0.0699289 -0.0015081 -0.0105877 -0.0115408 -0.0138226 -0.0118848 -0.0053617 -0.0015558 -0.0025346 -0.0052828 -0.0008867 -0.0120662 0.0280281 -0.0070338 0.0175735 -0.0102658 -0.0043233 0.0039794 -0.0300381 0.0018092 0.0039247 -0.0772426 -0.0051126 0.0181429 -0.0032180 0.0021792 0.0060371 0.0156659 -0.0025315 0.0032525 0.0137062 -0.0074043 0.0009292 -0.0078422 -0.0262316 0.0130044 -0.0170136 -0.0109111 -0.0055892 -0.0068894 0.0361528 -0.0090909 -0.0056254 -0.0056539 -0.0176429 -0.0174987 -0.0161821 -0.0128651 -0.0123533 0.0040268 -0.0083890 -0.0001956 0.0245138 -0.0070423 -0.0184772 -0.0115011 0.0006442 -0.0083943 -0.0097875 0.0075006 -0.0126664 -0.0071065 -0.0261305 0.0022413 0.0181344 0.0008535 -0.0170866 -0.0138027 0.5442559 0.0040003 -0.0656579 0.0301333 -0.0653872 0.0153808 -0.0251101 0.0284963 0.0054923 -0.0308747 -0.0087948 -0.0122716 -0.0031577 0.0267080 -0.0103571 0.0039766 -0.0255258 -0.0118618 -0.0195442 -0.0041579 -0.0061068 -0.0175696 0.0072580 0.0120250 -0.0195975 -0.0040632 -0.0233011 0.0131980 0.0141169 -0.0118947 0.0007829 -0.0081474 -0.0118174 0.0035414 0.0013252 -0.0253996 -0.0783464 -0.0091989 -0.0210034 0.0032464 -0.0185417 0.0005058 -0.0091851 0.0044686 0.0025780 -0.0117619 0.0002282 -0.0776152 -0.0049335 0.0245635 -0.0180865 -0.0012418 -0.0056746 -0.0204809 0.0010770 -0.0181003 -0.0100627 0.0081113 -0.0316649 -0.0139625 -0.0059637 -0.0032869 -0.0104064
-0.0117629 -0.0692597 0.0006588 -0.0114318 -0.0154938 0.0004719 -0.0194509 0.0149121 0.0258069 -0.0127755 -0.0010431 1.1125925 -0.0116111 0.0613180 -0.0731093 -0.0092919 0.0024926 0.0015703 -0.0200344 -0.0093878 0.0096364 -0.0219857 -0.0133100 -0.0012927 -0.0682269 -0.0135562 -0.0010334 -0.0049874 0.0075161 -0.0173453 -0.0108875 0.0005938 0.0023918 -0.0095143 -0.0081604 -0.0110075 0.0477917 0.0040410 0.0581575 0.0376309 0.0011491 -0.0207946 -0.0404611 -0.0090546 -0.0144788 -0.0358161 -0.0063041 -0.0037284 -0.0223350 -0.0057231 -0.0000709 -0.0059851 -0.0030251 0.0060773 0.0029981 -0.0007469 -0.0009490 -0.0088345 -0.0231827 0.0264782 -0.0057243 0.0017514 -0.0007304 -0.0136757 -0.0008544 -0.0142567 -0.0122031 -0.0146721 -0.0181813 0.0029829 -0.0099246 -0.0174474 -0.0106182 -0.0116338 -0.0119263 0.0203893 0.0187153 -0.0168151 -0.0197073 -0.0099169 0.0002681 -0.0138259 -0.0132053 -0.0141016 -0.0148124 -0.0042063 -0.0251887 0.0015358 0.0054958 0.0102459 -0.0113744 0.0043110 -0.0018425 -0.0078135 0.0161935 0.0187822 0.0161614 0.0483218 -0.0279259 0.0133729 -0.0149047 0.0091237 -0.0147063 -0.0074832 -0.0018026 0.0093927 0.0030819 -0.0009689 -0.0330850 0.0020135 0.0036198 -0.0129399 0.0358835 -0.0186634 0.0077129 -0.0072716 -0.0012851 0.0244948 -0.0224062 -0.0284533 -0.0099019 -0.0171581 -0.0146857 -0.0113488 -0.0152891 -0.0081559 0.0005760 0.0017184 -0.0341484 0.0022616 -0.0234554 0.0070327 -0.0193555 0.0503252 -0.0072784 -0.0199666 -0.0077631 -0.0170447 -0.0242057 -0.0728542 0.0656091 0.0336777 -0.0134826 -0.0059559 -0.0084337 -0.0350549 -0.0022148 -0.0242584 0.0010409 0.0583325 -0.0416391 -0.0133956 -0.0094579 0.0447849 -0.0040310
0.0083204 -0.0536082 -0.0159764 0.0041144 -0.0031184 -0.0147017 -0.0123948 -0.0666341 -0.0060583 0.0164424 0.0033425 -0.0116111 1.0739592 -0.0182422 -0.0440215 -0.0057015 0.0022192 0.0039488 0.0304348 0.0070484 -0.0171128 0.0313993 -0.0200772 0.0108233 -0.0515499 0.0047891 -0.0098532 0.0010920 -0.0013160 0.0255599 0.0095217 0.0016188 0.0074813 0.0294833 -0.0038163 -0.0156240 -0.0091550 0.0065041 0.0182956 0.0067074 -0.0044565 0.0191899 -0.0229662 -0.0048726 -0.0020328 -0.0584919 -0.0125873 0.0142060 -0.0058610 -0.0116205 0.0104890 0.0286324 -0.0230587 0.0144033 -0.0043180 0.0040941 0.0161690 -0.0059861 0.0198089 0.0078333 0.0014730 -0.0010185 0.0443756 -0.0141599 -0.0022243 -0.0078043 0.0061975 0.0102336 -0.0151637 0.0023318 -0.0034917 -0.0180170 0.0023184 0.0024368 -0.0140290 -0.0081960 -0.0134696 0.0023144 -0.0252914 -0.0134741 -0.0055972 -0.0069590 -0.0052102 0.0015269 -0.0153332 0.0037191 0.0059663 -0.0128932 -0.0055192 0.0030255 -0.0116658 -0.0094588 0.0035399 0.0034428 -0.0661164 -0.0086157 -0.0658678 0.0010572 0.0064188 -0.0068377 0.0109377 -0.0137397 -0.0034262 -0.0118434 -0.0096335 -0.0202710 -0.0018205 -0.0024059 0.0005169 -0.0132846 -0.0043271 -0.0165487 -0.0110724 0.0049910 0.0141622 0.0036170 0.0018927 -0.0090118 0.0237054 0.0009340 -0.0010359 0.0169349 -0.0068822 0.0275931 -0.0148045 -0.0010697 -0.0028784 -0.0005446 -0.0581381 -0.0089559 -0.0085394 -0.0101130 -0.0123753 -0.0178442 -0.0110722 -0.0180160 0.0127903 0.0332600 0.0010175 -0.0439923 -0.0061046 -0.0198871 0.0009339 0.0294448 -0.0005621 -0.0160326 -0.0136758 0.0093149 0.0072789 -0.0146470 -0.0233993 -0.0163910 0.0037333 -0.0319110 0.0049105
-0.0162701 -0.0565228 -0.0071237 -0.0174431 -0.0214355 -0.0097240 -0.0089686 0.0184232 0.0298607 -0.0346844 0.0088590 0.0613180 -0.0182422 1.1730827 -0.0592596 -0.0137189 0.0070341 -0.0129503 -0.0230444 -0.0145739 0.0217647 -0.0158755 -0.0167949 -0.0133224 -0.0556247 -0.0044606 0.0249015 -0.0106103 0.0189291 -0.0160483 -0.0303922 -0.0139508 -0.0086614 -0.0333183 -0.0088286 0.0007425 0.1047886 -0.0272229 0.0553126 0.0247371 0.0054558 -0.0224747 -0.0424358 0.0122460 -0.0065348 -0.0425732 0.0195325 -0.0117625 -0.0143423 -0.0033334 0.0034597 -0.0166954 0.0008873 0.0050540 -0.0155393 -0.0039477 -0.0152078 -0.0105234 -0.0279943 0.0200814 -0.0235535 0.0130459 -0.0065484 -0.0201667 0.0029015 -0.0103346 -0.0138120 -0.0167259 -0.0110705 -0.0171102 -0.0153007 -0.0202212 -0.0131605 -0.0103549 -0.0155691 0.0300657 0.0293549 -0.0132518 -0.0149294 -0.0117155 -0.0102559 -0.0090645 -0.0194263 -0.0195391 -0.0215754 -0.0181137 -0.0191876 0.0081069 0.0069599 -0.0065984 -0.0138717 -0.0135332 0.0087506 -0.0094879 0.0178581 0.0291672 0.0174677 0.0428331 -0.0311209 -0.0061217 -0.0176186 0.0448179 -0.0195349 0.0119035 -0.0087180 0.0250354 -0.0070069 0.0060508 -0.0275773 -0.0093663 -0.0256325 -0.0116904 0.0593287 -0.0160446 0.0188903 -0.0112097 -0.0109562 0.0283775 -0.0175016 -0.0321514 -0.0147031 -0.0178790 -0.0072751 -0.0179531 -0.0220414 -0.0101464 -0.0113409 -0.0231070 -0.0403873 0.0036895 -0.0267285 0.0136077 -0.0217887 0.0546294 -0.0098641 -0.0138667 -0.0125915 -0.0212934 -0.0261589 -0.0580987 0.0659205 0.0505419 -0.0286393 -0.0229338 -0.0146361 -0.0335426 -0.0084373 -0.0308168 0.0018162 0.0619233 -0.0437741 -0.0009166 0.0020614 0.0681191 -0.0250259
-0.0330925 0.9723271 -0.0119776 -0.0195426 -0.0116737 -0.0754778 -0.0407474 -0.0219279 0.0091805 -0.0158212 -0.0782748 -0.0731093 -0.0440215 -0.0592596 1.5580156 -0.0685360 0.0176624 -0.0359069 -0.0246223 0.0099645 -0.0528692 -0.0127757 -0.0285904 0.0071163 0.8935098 -0.0220331 -0.0100800 -0.0610614 -0.0152850 -0.0249228 -0.0578313 -0.0382679 -0.0681524 -0.0797947 -0.0476171 -0.0245638 -0.0638724 -0.0548419 -0.0833116 -0.0659542 -0.0435296 0.0314979 0.2139018 -0.0640364 -0.0688009 0.0404520 -0.0142384 -0.0674738 -0.0768725 -0.0102460 -0.0257324 -0.0536280 -0.0543386 -0.0579096 -0.0437409 -0.0317701 -0.0789587 -0.0168886 -0.0136960 -0.0870788 -0.0286299 -0.0448298 -0.0809290 -0.0013653 -0.0380821 -0.0124090 0.0298123 -0.0561634 -0.0184017 -0.0798996 -0.0531868 -0.0426726 -0.0303339 -0.0230546 -0.0568431 -0.0294643 -0.0741065 -0.0827508 -0.0247658 -0.0157887 -0.0981743 -0.0350734 -0.0787719 -0.0036073 -0.0099179 -0.0327498 -0.0084891 -0.0660160 -0.0224747 -0.0657188 -0.0277387 -0.0608385 -0.0811423 -0.0633071 -0.0237824 -0.0848520 -0.0234340 -0.0873175 -0.0297075 -0.0629398 -0.0509877 -0.0309418 -0.0332524 -0.0106361 -0.0381532 -0.0480881 -0.0330101 -0.0716865 0.0041185 -0.0758817 -0.0790114 -0.0481343 -0.0762284 0.0025529 -0.0586483 -0.0161566 -0.0530805 0.0142703 -0.0150364 0.0016353 -0.0842966 -0.0543318 -0.0130252 -0.0202601 -0.0112973 0.0091622 -0.0668961 -0.0368295 0.0349200 -0.0723417 0.0460682 -0.0549737 -0.0335890 -0.0680973 -0.0574090 -0.0392462 -0.0900739 -0.0526666 0.0525191 1.2787046 -0.0714414 -0.0802502 -0.0506965 -0.0099259 -0.0576631 0.1723674 -0.0635613 0.0856623 -0.0597051 -0.0807101 0.2005778 -0.0370643 0.0067230 -0.0019909 -0.0307774
0.0018120 -0.0575885 -0.0045650 -0.0043050 0.0022126 0.0037670 -0.0060562 -0.0832843 -0.0287164 -0.0090708 -0.0022001 -0.0092919 -0.0057015 -0.0137189 -0.0685360 1.0509014 -0.0020727 -0.0003883 -0.0099903 -0.0025097 -0.0069406 0.0037237 -0.0146167 -0.0006800 -0.0553252 0.0056930 -0.0056379 0.0159228 0.0008062 -0.0111281 -0.0092929 0.0177686 0.0052253 -0.0006432 0.0247015 -0.0008364 -0.0182231 -0.0148803 -0.0146840 -0.0084352 0.0013472 0.0014238 -0.0190701 0.0060049 -0.0001564 -0.0755929 -0.0079752 0.0001826 0.0138566 -0.0062090 -0.0079054 -0.0015345 -0.0106172 0.0006591 0.0016082 -0.0008766 0.0058714 0.0082126 -0.0075863 -0.0070317 -0.0072345 0.0045334 -0.0027659 -0.0083245 -0.0071860 0.0020699 0.0004205 -0.0001138 -0.0142153 0.0636943 0.0769525 0.0438488 0.0052525 0.0014889 0.0421491 0.0011558 -0.0005678 0.0146204 0.0243736 0.0071180 0.0691738 0.0006840 0.0390517 0.0021455 -0.0066104 0.0125471 -0.0129872 -0.0043548 0.0039354 0.0026268 -0.0053857 0.0142122 -0.0008045 0.0147333 -0.0828343 0.0028517 -0.0824576 0.0100314 -0.0122235 -0.0060437 -0.0095936 -0.0247687 0.0003104 -0.0222487 -0.0018043 -0.0065886 -0.0014802 -0.0146534 -0.0196886 0.0479296 0.0354764 -0.0174095 0.0121658 -0.0007949 -0.0026954 0.0039211 -0.0053299 -0.0125421 -0.0090872 -0.0096929 0.0056089 -0.0088940 -0.0177969 -0.0047531 -0.0061235 -0.0004019 0.0461883 -0.0117372 -0.0771990 0.0214349 -0.0288032 0.0030841 0.0052413 0.0096491 -0.0011475 -0.0073167 0.0062129 -0.0115336 -0.0075835 -0.0687753 -0.0159301 -0.0069245 0.0695696 -0.0079651 0.0105569 -0.0139548 0.0138659 -0.0074216 -0.0026674 -0.0060563 -0.0207986 -0.0120628 -0.0069165 -0.0317726 0.0034101
-0.0041058 0.0178552 -0.0076772 0.0002045 0.0064865 -0.0075113 -0.0052023 -0.0597407 -0.0081481 -0.0111346 -0.0019190 0.0024926 0.0022192 0.0070341 0.0176624 -0.0020727 1.0138190 0.0091981 -0.0032616 -0.0070711 0.0078168 -0.0088865 -0.0151403 0.0049920 0.0185836 -0.0070225 -0.0008903 -0.0014752 -0.0026492 -0.0144980 -0.0110057 0.0030987 -0.0015823 -0.0049159 0.0013300 -0.0054351 -0.0043082 0.0156468 -0.0020092 0.0024635 0.0022588 -0.0055464 0.0089698 0.0046471 -0.0112819 -0.0489307 -0.0038623 0.0042800 -0.0036908 0.0103928 -0.0040850 0.0054946 -0.0057940 -0.0035858 0.0029571 0.0002263 0.0050120 -0.0067672 -0.0105985 -0.0138126 0.0059439 0.0040314 -0.0070806 -0.0039502 0.0171194 0.0048242 -0.0001080 0.0089824 -0.0125433 -0.0131716 -0.0034591 -0.0112573 -0.0000023 -0.0037409 -0.0027336 0.0000276 0.0073799 0.0008305 -0.0105651 0.0030552 -0.0022215 -0.0047352 -0.0010278 -0.0052336 -0.0019097 -0.0011860 -0.0082167 0.0065276 0.0144568 -0.0041977 -0.0074488 -0.0102563 -0.0012583 -0.0015299 -0.0591312 0.0062236 -0.0585499 -0.0041795 0.0086245 -0.0049788 0.0003618 -0.0052908 -0.0070610 -0.0062444 0.0153571 0.0111109 0.0005760 0.0047406 -0.0136583 -0.0072204 -0.0125365 -0.0116373 -0.0055399 0.0145155 0.0079849 0.0031431 -0.0057779 0.0068872 -0.0057962 0.0053007 -0.0028054 -0.0092283 0.0160029 -0.0028704 -0.0025012 0.0080326 0.0013936 -0.0076658 -0.0501083 -0.0079693 -0.0073566 0.0008994 0.0079563 -0.0078411 -0.0064172 -0.0105923 0.0035755 -0.0139369 0.0084834 0.0165469 -0.0017904 0.0043743 -0.0078560 0.0036124 0.0008914 0.0094013 -0.0113332 0.0007600 -0.0084860 -0.0089061 0.0074617 -0.0072092 0.0074174 -0.0018043 0.0010609
-0.0001940 -0.0365061 -0.0036421 0.0001329 0.0226768 -0.0029505 -0.0059128 -0.0541946 -0.0207087 0.0025690 -0.0065765 0.0015703 0.0039488 -0.0129503 -0.0359069 -0.0003883 0.0091981 1.0019906 0.0079425 -0.0095821 -0.0059366 -0.0031310 -0.0049277 0.0009455 -0.0340747 0.0021754 -0.0087185 0.0012675 -0.0023139 -0.0037937 -0.0017996 0.0106677 0.0060531 0.0139415 0.0062002 -0.0053172 -0.0098766 0.0358414 -0.0131006 0.0188953 0.0040022 -0.0036700 -0.0061099 0.0012754 -0.0047470 -0.0375264 0.0008636 0.0035275 -0.0037030 -0.0009561 -0.0000723 0.0003651 -0.0097570 0.0014603 0.0089281 0.0065762 0.0045906 -0.0063023 -0.0030754 -0.0096031 0.0205227 -0.0004245 0.0022620 -0.0075006 -0.0065937 0.0024621 -0.0012291 -0.0029941 -0.0074061 0.0019388 -0.0034917 -0.0088380 0.0040875 -0.0016272 -0.0003741 -0.0042085 -0.0022987 -0.0003358 -0.0069460 0.0000067 0.0039056 0.0089281 0.0046228 -0.0041511 -0.0022032 0.0044361 -0.0015281 -0.0010420 0.0012230 0.0001547 -0.0018007 -0.0016873 -0.0053851 0.0008713 -0.0535779 -0.0009813 -0.0528113 -0.0027092 -0.0061938 -0.0024556 0.0098601 -0.0142445 0.0020049 0.0021827 0.0179839 -0.0065045 0.0049342 -0.0015268 -0.0097076 -0.0025714 -0.0001571 -0.0127380 -0.0076173 0.0062555 0.0195387 0.0027205 -0.0031160 0.0147788 -0.0047484 -0.0116248 0.0027812 -0.0014486 0.0319945 0.0098664 -0.0019735 -0.0027073 0.0100801 -0.0001376 -0.0354168 -0.0026439 -0.0180621 0.0043344 0.0325091 -0.0091296 -0.0032634 -0.0072929 0.0029394 -0.0019849 0.0062076 -0.0364443 -0.0084409 -0.0057052 -0.0043744 0.0161670 0.0032510 0.0027926 -0.0051056 -0.0060129 -0.0025602 -0.0083942 -0.0078885 -0.0097659 -0.0081069 -0.0251765 0.0047282
0.0235984 -0.0326253 -0.0170385 -0.0129575 -0.0036193 -0.0115782 -0.0191585 -0.0791748 -0.0222572 0.0459350 -0.0154654 -0.0200344 0.0304348 -0.0230444 -0.0246223 -0.0099903 -0.0032616 0.0079425 1.0559164 0.0131669 -0.0089692 0.0666274 -0.0196145 0.0305712 -0.0293513 -0.0180782 -0.0166878 -0.0077627 -0.0113795 -0.0248415 0.0279352 -0.0001901 0.0075638 0.0406096 -0.0157274 -0.0183075 0.0119302 -0.0099482 -0.0237395 0.0187802 -0.0081382 0.0126062 0.0003496 -0.0005764 -0.0010587 -0.0663124 -0.0081695 0.0141998 -0.0224990 0.0041185 0.0407594 0.0073360 -0.0185726 0.0148890 -0.0141707 -0.0083179 -0.0055686 -0.0113839 0.0305292 -0.0090735 0.0181049 -0.0134241 0.0497711 -0.0161321 -0.0099667 -0.0015658 0.0065396 -0.0126692 -0.0176898 -0.0102213 -0.0048798 -0.0178003 0.0032056 -0.0012692 -0.0114307 -0.0118348 -0.0053488 -0.0119078 -0.0168859 -0.0098256 -0.0036080 -0.0068961 -0.0105355 0.0011513 0.0004731 -0.0099165 0.0180092 -0.0061926 -0.0092770 0.0065476 -0.0159629 -0.0113304 -0.0121115 -0.0137915 -0.0786661 -0.0023613 -0.0785474 -0.0133819 0.0033153 -0.0027280 -0.0106498 -0.0152265 -0.0047490 -0.0201345 -0.0100232 -0.0115090 0.0088245 -0.0081754 0.0514672 -0.0250326 -0.0092425 -0.0060384 -0.0137536 0.0038418 0.0136249 0.0024725 0.0122985 -0.0054018 0.0462776 0.0287085 -0.0012755 0.0057674 -0.0067230 0.0340877 0.0018702 -0.0069279 -0.0007312 0.0033567 -0.0680267 -0.0166776 0.0230386 -0.0096384 0.0021924 -0.0150370 -0.0116766 -0.0121507 0.0027333 0.0395317 0.0284320 -0.0251259 0.0104983 -0.0114787 -0.0130535 0.0514286 -0.0046803 0.0022257 -0.0097532 0.0386303 0.0083755 -0.0175744 -0.0000015 -0.0204634 -0.0073346 -0.0198767 -0.0020949
0.0043143 -0.0231661 0.0084207 -0.0138657 0.0025441 -0.0169767 -0.0112031 -0.0160564 -0.0188821 0.0070736 -0.0132921 -0.0093878 0.0070484 -0.0145739 0.0099645 -0.0025097 -0.0070711 -0.0095821 0.0131669 1.0655507 -0.0162571 0.0048437 0.0078459 0.0021910 -0.0200858 -0.0052097 0.0046740 -0.0095123 -0.0069366 0.0111835 -0.0049281 -0.0002793 -0.0028766 -0.0074743 0.0030850 -0.0024082 -0.0103371 -0.0210400 -0.0142735 0.0033817 -0.0034523 -0.0007659 -0.0101947 -0.0018156 -0.0080592 -0.0067666 -0.0052251 -0.0074677 -0.0256383 0.0078517 0.0046502 -0.0074944 0.0036003 0.0058882 -0.0135265 -0.0037791 -0.0115478 0.0305256 0.0112508 -0.0155343 -0.0102750 -0.0001665 0.0047451 0.0146913 -0.0111680 -0.0075510 0.0017624 -0.0162987 0.0059004 -0.0027959 -0.0004943 0.0079436 -0.0048173 0.0009683 -0.0059021 -0.0026150 -0.0124302 -0.0155185 0.0016187 -0.0007849 -0.0042774 -0.0063239 -0.0023617 -0.0014164 0.0017100 0.0003327 0.0014647 0.0000459 -0.0093825 0.0008265 0.0075163 -0.0137269 -0.0125283 -0.0091532 -0.0149332 -0.0084394 -0.0146549 -0.0090062 -0.0194163 -0.0081990 -0.0145488 0.0118861 -0.0113288 -0.0045109 -0.0074694 -0.0178041 0.0012059 -0.0201389 0.0124451 0.0117384 -0.0072800 0.0003275 -0.0081570 0.0050917 -0.0034257 0.0036405 -0.0073717 -0.0256718 0.0062403 -0.0151506 -0.0082514 -0.0110387 0.0130049 0.0045216 0.0017940 0.0057577 -0.0002497 -0.0083090 -0.0075073 0.0019267 0.0193775 0.0011638 -0.0147243 -0.0141649 -0.0112604 -0.0086439 -0.0101456 0.0142072 -0.0048268 0.0105573 -0.0144087 -0.0147284 -0.0069318 -0.0049494 -0.0044096 0.0029654 -0.0089795 0.0044213 -0.0059835 -0.0103119 -0.0104798 -0.0213314 -0.0093295 -0.0132271 -0.0029270
-0.0155570 -0.0446151 -0.0109043 -0.0106060 -0.0197050 -0.0051836 -0.0149453 -0.0906661 -0.0367816 -0.0299708 0.0268005 0.0096364 -0.0171128 0.0217647 -0.0528692 -0.0069406 0.0078168 -0.0059366 -0.0089692 -0.0162571 1.1767915 -0.0091653 -0.0232037 -0.0040896 -0.0435073 -0.0179585 -0.0117767 -0.0036632 -0.0017043 -0.0275092 -0.0247839 -0.0063247 -0.0000056 -0.0196669 -0.0107052 -0.0069573 0.0380258 -0.0296251 0.0010820 -0.0089792 0.0007145 -0.0206565 -0.0128331 -0.0059974 -0.0106718 -0.0869524 -0.0130251 0.0139408 0.0002618 -0.0108714 -0.0032470 -0.0131118 0.0260139 0.0016727 -0.0179658 -0.0106952 -0.0047916 -0.0188361 -0.0265960 0.0307432 -0.0231296 -0.0067291 -0.0123357 -0.0175137 0.0375943 -0.0088443 0.0013220 -0.0129897 -0.0215935 -0.0202275 -0.0130630 -0.0126009 -0.0045093 -0.0108323 -0.0112950 0.0053195 0.1538401 -0.0149728 -0.0232087 -0.0077028 -0.0015875 -0.0097854 -0.0120880 -0.0134041 -0.0110348 -0.0090551 -0.0267962 0.0420620 0.0059779 -0.0047408 -0.0143661 -0.0124700 0.0283898 0.0013554 -0.0897504 0.1270152 -0.0904854 0.0107609 -0.0263984 0.0110391 -0.0206018 -0.0188963 -0.0114374 -0.0099548 -0.0091017 0.1982417 -0.0050241 -0.0051393 -0.0336181 -0.0097618 -0.0230115 0.0119264 0.0014201 -0.0113639 0.0335114 0.0015438 -0.0153024 -0.0081289 -0.0090642 0.0231833 0.0007993 0.0223279 -0.0131634 -0.0066636 -0.0110565 0.0045384 -0.0037469 -0.0134005 -0.0889859 -0.0094870 -0.0069346 0.0040072 -0.0228714 0.0148465 -0.0112250 -0.0006433 -0.0060291 -0.0272800 -0.0035807 -0.0538403 0.0127468 0.1791350 -0.0246803 -0.0196528 -0.0092977 -0.0082250 0.0228447 -0.0049833 -0.0019152 0.0028429 -0.0147488 -0.0019983 -0.0033101 -0.0008428 -0.0049542
0.0116036 -0.0036437 -0.0147070 -0.0159642 -0.0086325 0.0059358 -0.0191450 -0.0965597 -0.0315580 0.0233199 -0.0102685 -0.0219857 0.0313993 -0.0158755 -0.0127757 0.0037237 -0.0088865 -0.0031310 0.0666274 0.0048437 -0.0091653 1.1139733 -0.0258971 0.0245281 -0.0029659 0.0029612 0.0001686 -0.0101882 0.0012766 -0.0155888 0.0099185 0.0065456 0.0012228 0.0329039 -0.0113690 -0.0119521 -0.0076960 -0.0112746 -0.0258617 0.0020130 -0.0092552 0.0160382 0.0026358 -0.0016103 -0.0038844 -0.0770846 -0.0140009 0.0108604 -0.0221702 -0.0138187 0.0247493 0.0001783 -0.0202865 0.0046356 -0.0154130 -0.0086518 -0.0057053 0.0030507 0.0206880 -0.0090522 0.0171659 -0.0132625 0.0319225 -0.0213471 -0.0137210 -0.0027709 0.0097653 -0.0103171 -0.0187748 -0.0041187 -0.0072773 -0.0013104 -0.0013404 0.0047067 0.0002198 -0.0110792 -0.0044919 -0.0095681 -0.0127791 -0.0102957 -0.0038452 -0.0032969 -0.0016306 0.0048011 -0.0106730 -0.0081780 0.0090577 -0.0107327 -0.0119173 0.0025435 -0.0155083 0.0012546 -0.0084511 -0.0146455 -0.0958742 -0.0003413 -0.0951490 -0.0118160 -0.0315445 -0.0132853 -0.0214718 -0.0260369 -0.0056368 -0.0146275 -0.0194619 -0.0069498 0.0032041 -0.0211471 0.0495670 -0.0202500 -0.0112483 -0.0233190 -0.0224125 -0.0017915 0.0040170 0.0090085 0.0021905 -0.0055053 0.0429363 0.0465545 0.0001171 0.0206508 -0.0200107 0.0231652 -0.0111147 -0.0123679 0.0016219 -0.0006789 -0.0796623 -0.0223065 0.0123578 -0.0106882 -0.0058932 0.0014925 -0.0125824 -0.0120709 -0.0004624 0.0261506 0.0146903 -0.0141375 -0.0133439 -0.0125764 -0.0123266 0.0400366 -0.0025640 0.0044211 0.0081880 0.0314156 0.0030483 -0.0116981 0.0010872 0.0034745 0.0208897 -0.0007529 -0.0054010
-0.0169606 -0.0479917 0.0092346 -0.0045260 -0.0086063 -0.0257469 -0.0060446 0.1156136 -0.0045155 -0.0072490 -0.0231859 -0.0133100 -0.0200772 -0.0167949 -0.0285904 -0.0146167 -0.0151403 -0.0049277 -0.0196145 0.0078459 -0.0232037 -0.0258971 1.1260240 -0.0205950 -0.0477876 -0.0148547 0.0124915 -0.0103785 -0.0167822 0.0524289 0.0059399 -0.0150853 0.0019055 -0.0065129 -0.0089808 -0.0109230 -0.0367054 -0.0188844 -0.0207871 -0.0151561 -0.0101502 -0.0274284 -0.0376865 -0.0125570 0.0031421 0.1122426 0.0210491 -0.0161909 -0.0309100 -0.0143008 -0.0106259 -0.0169075 0.0402258 -0.0095866 0.0020599 -0.0135565 -0.0104075 0.0038814 -0.0141144 -0.0103720 -0.0263016 -0.0056904 -0.0058678 0.0325024 -0.0230153 0.0129839 -0.0185340 -0.0125383 0.1136699 -0.0199985 -0.0128747 -0.0083831 -0.0146152 -0.0138310 -0.0205453 -0.0081849 -0.0216111 -0.0142822 -0.0120487 -0.0058693 -0.0158620 0.0433997 -0.0161676 -0.0029932 -0.0164257 -0.0160996 -0.0154844 -0.0201140 -0.0229441 -0.0111961 0.0457774 -0.0150030 -0.0228517 -0.0046800 0.1170265 -0.0215839 0.1179460 -0.0160016 -0.0245064 0.0436218 -0.0175214 0.0560753 -0.0166753 0.0484784 0.0077058 -0.0224643 -0.0111109 -0.0139623 0.0311952 -0.0270906 -0.0218472 0.0532933 -0.0275428 -0.0165811 -0.0179056 -0.0186402 -0.0071528 -0.0138917 -0.0193556 -0.0399403 -0.0206791 -0.0171542 -0.0091979 -0.0106072 -0.0170737 -0.0163295 -0.0166059 -0.0114003 0.1145604 -0.0115741 0.0489335 -0.0076572 -0.0195352 -0.0272912 -0.0146402 -0.0272872 -0.0097208 -0.0135113 -0.0314057 -0.0283041 -0.0160050 -0.0239982 -0.0206411 -0.0312620 -0.0194432 -0.0229143 -0.0235495 -0.0262423 0.0361792 -0.0195314 -0.0376196 -0.0232910 -0.0147018 0.0005174 -0.0130787
0.0037034 0.0077143 -0.0088362 -0.0083657 -0.0001196 -0.0009827 -0.0128523 -0.0923838 -0.0287536 0.0123596 -0.0011290 -0.0012927 0.0108233 -0.0133224 0.0071163 -0.0006800 0.0049920 0.0009455 0.0305712 0.0021910 -0.0040896 0.0245281 -0.0205950 1.0122409 0.0097906 -0.0005439 -0.0057243 -0.0041620 0.0060779 -0.0164584 -0.0008970 0.0029592 0.0026465 0.0093204 -0.0078771 0.0096673 0.0059685 -0.0184022 -0.0143136 0.0161627 -0.0060916 0.0042778 0.0145406 0.0013172 -0.0120847 -0.0748396 -0.0081981 0.0124005 -0.0014500 -0.0020319 0.0129159 0.0030438 -0.0143933 0.0074342 -0.0088591 0.0023855 -0.0043689 -0.0033758 0.0094404 -0.0004290 -0.0021641 -0.0022469 0.0112269 -0.0114728 -0.0060231 -0.0021460 0.0053262 -0.0089758 -0.0145356 0.0026681 -0.0008150 0.0063620 -0.0022577 0.0039351 0.0095805 0.0087806 -0.0039568 -0.0007664 0.0070400 -0.0034512 -0.0003583 -0.0033217 -0.0037100 0.0052151 -0.0083401 0.0058813 -0.0004165 -0.0050117 -0.0001772 0.0096799 -0.0110868 0.0021115 0.0001751 -0.0039429 -0.0920120 -0.0026195 -0.0911127 0.0054752 0.0071573 -0.0056245 -0.0187348 -0.0180526 0.0174025 -0.0141283 -0.0121492 -0.0046017 0.0042097 -0.0185499 0.0128135 0.0152456 0.0000617 -0.0097042 -0.0152364 0.0023145 0.0047139 0.0008437 0.0029640 -0.0034885 0.0160764 0.0039982 -0.0027299 -0.0043579 0.0073242 0.0146697 -0.0083669 -0.0050154 0.0046750 -0.0008013 -0.0768134 -0.0076748 0.0108966 -0.0069043 0.0013943 -0.0033146 -0.0085350 -0.0137949 -0.0023968 0.0091640 0.0118365 0.0068009 -0.0129778 -0.0091915 -0.0080641 0.0183725 -0.0001427 0.0133986 -0.0055759 0.0195384 0.0054307 -0.0082952 0.0134052 0.0045054 0.0001273 0.0020665 0.0011983
