80
af_001_100-DW-OBP1-4_h1geneonly  0.0000000 0.1314728 0.0000010 0.2043481 0.2043481 0.3641268 0.2807876 0.2807876 0.5311911 0.1314728 0.1318338 0.2052558 0.1318063 0.1317468 0.2043481 0.2043481 0.2043481 0.3603442 0.2809353 0.4472672 0.2052558 0.0635827 0.3603442 0.1318338 0.1317933 0.4542288 0.0635827 0.3603442 0.2044483 0.3603442 0.3641268 0.2809353 0.3603442 0.2809353 0.4411673 0.0636250 0.4137666 0.1317468 0.3603442 0.1318063 0.0635565 0.2827553 0.2827553 0.2043481 0.2043481 0.4476624 0.1318063 0.3603442 0.2044930 0.0636637 0.1314728 0.1318063 0.0635827 0.4476624 0.2807876 0.5311911 0.4411673 0.1318934 0.2043481 0.4137666 0.2807876 0.2043481 0.0635827 0.2053213 0.5058117 0.2807876 0.2807876 0.4411673 0.4542288 0.0636250 0.3638058 0.3638058 0.4472672 0.0635565 0.2790014 0.0635827 0.2051542 0.1321713 0.6130834 0.1320705 
af_001_100-DW-OBP1-4_h2geneonly  0.1314728 0.0000000 0.1314728 0.0636123 0.0636123 0.3643024 0.2809098 0.2809098 0.5314712 0.0000010 0.2809975 0.3640129 0.1317331 0.1317937 0.3603442 0.3603442 0.2044291 0.5218027 0.1317799 0.4474959 0.3640129 0.2035377 0.2043079 0.2809975 0.2809086 0.2849832 0.2035377 0.3605132 0.3605441 0.3605132 0.3643024 0.4414194 0.3605132 0.4414194 0.4413846 0.2043481 0.6209394 0.1317937 0.5218027 0.2809353 0.2034391 0.1320440 0.1320440 0.2044291 0.2044291 0.4478915 0.1317331 0.2043079 0.3606217 0.2044930 0.2790014 0.2809353 0.0635499 0.4478915 0.1317205 0.5314712 0.2807340 0.2811454 0.2044291 0.6209394 0.4411673 0.3603442 0.0635499 0.2054036 0.6988203 0.4411673 0.4411673 0.5997008 0.2849832 0.2043481 0.3639810 0.3639810 0.4474959 0.2034391 0.1314467 0.2035377 0.2052364 0.2829977 0.4475852 0.2827553 
af_001_101-DW-OBP1-5_h1geneonly  0.0000010 0.1314728 0.0000000 0.2043481 0.2043481 0.3641268 0.2807876 0.2807876 0.5311911 0.1314728 0.1318338 0.2052558 0.1318063 0.1317468 0.2043481 0.2043481 0.2043481 0.3603442 0.2809353 0.4472672 0.2052558 0.0635827 0.3603442 0.1318338 0.1317933 0.4542288 0.0635827 0.3603442 0.2044483 0.3603442 0.3641268 0.2809353 0.3603442 0.2809353 0.4411673 0.0636250 0.4137666 0.1317468 0.3603442 0.1318063 0.0635565 0.2827553 0.2827553 0.2043481 0.2043481 0.4476624 0.1318063 0.3603442 0.2044930 0.0636637 0.1314728 0.1318063 0.0635827 0.4476624 0.2807876 0.5311911 0.4411673 0.1318934 0.2043481 0.4137666 0.2807876 0.2043481 0.0635827 0.2053213 0.5058117 0.2807876 0.2807876 0.4411673 0.4542288 0.0636250 0.3638058 0.3638058 0.4472672 0.0635565 0.2790014 0.0635827 0.2051542 0.1321713 0.6130834 0.1320705 
af_001_105-DW-OBP1-9_h2geneonly  0.2043481 0.0636123 0.2043481 0.0000000 0.0000010 0.2811467 0.2035385 0.2035385 0.4417622 0.0636123 0.3641268 0.2809353 0.0635561 0.0635828 0.2790275 0.2790275 0.1315322 0.4356978 0.0635762 0.3605132 0.2809353 0.2809353 0.1314595 0.3641268 0.3640129 0.2053822 0.2809353 0.2791469 0.2791719 0.2791469 0.2811467 0.3570417 0.2791469 0.3570417 0.3570117 0.1314856 0.5058117 0.0635828 0.4356978 0.2035574 0.2807876 0.0636123 0.0636123 0.1315322 0.1315322 0.3608239 0.0635561 0.1314595 0.4476624 0.2829977 0.3603442 0.2035574 0.1317331 0.3608239 0.0635500 0.4417622 0.2034190 0.3643343 0.1315322 0.5058117 0.3568486 0.2790275 0.1317331 0.1318937 0.5893752 0.3568486 0.3568486 0.5132994 0.2053822 0.1314856 0.2809098 0.2809098 0.3605132 0.2807876 0.2043079 0.2809353 0.1317937 0.2045129 0.3605891 0.2043481 
af_001_109-DW-OBP1-14_h1geneonly 0.2043481 0.0636123 0.2043481 0.0000010 0.0000000 0.2811467 0.2035385 0.2035385 0.4417622 0.0636123 0.3641268 0.2809353 0.0635561 0.0635828 0.2790275 0.2790275 0.1315322 0.4356978 0.0635762 0.3605132 0.2809353 0.2809353 0.1314595 0.3641268 0.3640129 0.2053822 0.2809353 0.2791469 0.2791719 0.2791469 0.2811467 0.3570417 0.2791469 0.3570417 0.3570117 0.1314856 0.5058117 0.0635828 0.4356978 0.2035574 0.2807876 0.0636123 0.0636123 0.1315322 0.1315322 0.3608239 0.0635561 0.1314595 0.4476624 0.2829977 0.3603442 0.2035574 0.1317331 0.3608239 0.0635500 0.4417622 0.2034190 0.3643343 0.1315322 0.5058117 0.3568486 0.2790275 0.1317331 0.1318937 0.5893752 0.3568486 0.3568486 0.5132994 0.2053822 0.1314856 0.2809098 0.2809098 0.3605132 0.2807876 0.2043079 0.2809353 0.1317937 0.2045129 0.3605891 0.2043481 
af_001_109-DW-OBP1-14_h2geneonly 0.3641268 0.3643024 0.3641268 0.2811467 0.2811467 0.0000000 0.0636511 0.0636511 0.1314603 0.3643024 0.3601770 0.4476624 0.3606545 0.2044937 0.1318204 0.1318204 0.1318204 0.6001599 0.2044726 0.2053628 0.4476624 0.4476624 0.1318674 0.3601770 0.5413410 0.3605457 0.4476624 0.1318674 0.2809960 0.1318674 0.0000010 0.5222319 0.1318674 0.5222319 0.2044534 0.2810242 0.7235082 0.2044937 0.6001599 0.3606545 0.4473973 0.3643024 0.3643024 0.2811467 0.2811467 0.0635766 0.3606545 0.1318674 0.4412038 0.2808145 0.2052805 0.3606545 0.4476624 0.0635766 0.2045749 0.1314603 0.2044534 0.3603767 0.1318204 0.7235082 0.5219323 0.4415445 0.4476624 0.1314864 0.7869484 0.5219323 0.5219323 0.3603892 0.3605457 0.2810242 0.1321321 0.1321321 0.2053628 0.4473973 0.2053628 0.2828174 0.2829717 0.2034787 0.2035188 0.3641268 
af_001_10-DW-Tar5_h1geneonly     0.2807876 0.2809098 0.2807876 0.2035385 0.2035385 0.0636511 0.0000000 0.0000010 0.2044534 0.2809098 0.4473973 0.3603442 0.2790275 0.1314731 0.0635500 0.0635500 0.0635500 0.5132994 0.1314595 0.1317674 0.3603442 0.3603442 0.0635701 0.4473973 0.4472672 0.4478915 0.3603442 0.0635701 0.2034379 0.0635701 0.0636511 0.4356978 0.0635701 0.4356978 0.1314470 0.2034587 0.6038711 0.1314731 0.5132994 0.2790275 0.3601445 0.2809098 0.2809098 0.2035385 0.2035385 0.1318674 0.2790275 0.0635701 0.5311911 0.3641268 0.1317205 0.2790275 0.3603442 0.1318674 0.1315197 0.2044534 0.1314470 0.4476624 0.0635500 0.6038711 0.4354570 0.3568486 0.3603442 0.2044937 0.6780129 0.4354570 0.4354570 0.2788309 0.4478915 0.2034587 0.0636062 0.0636062 0.1317674 0.3601445 0.1317674 0.2042270 0.2043289 0.2810242 0.2810930 0.2807876 
af_001_10-DW-Tar5_h2geneonly     0.2807876 0.2809098 0.2807876 0.2035385 0.2035385 0.0636511 0.0000010 0.0000000 0.2044534 0.2809098 0.4473973 0.3603442 0.2790275 0.1314731 0.0635500 0.0635500 0.0635500 0.5132994 0.1314595 0.1317674 0.3603442 0.3603442 0.0635701 0.4473973 0.4472672 0.4478915 0.3603442 0.0635701 0.2034379 0.0635701 0.0636511 0.4356978 0.0635701 0.4356978 0.1314470 0.2034587 0.6038711 0.1314731 0.5132994 0.2790275 0.3601445 0.2809098 0.2809098 0.2035385 0.2035385 0.1318674 0.2790275 0.0635701 0.5311911 0.3641268 0.1317205 0.2790275 0.3603442 0.1318674 0.1315197 0.2044534 0.1314470 0.4476624 0.0635500 0.6038711 0.4354570 0.3568486 0.3603442 0.2044937 0.6780129 0.4354570 0.4354570 0.2788309 0.4478915 0.2034587 0.0636062 0.0636062 0.1317674 0.3601445 0.1317674 0.2042270 0.2043289 0.2810242 0.2810930 0.2807876 
af_001_116-DW-AnB-1_h2geneonly   0.5311911 0.5314712 0.5311911 0.4417622 0.4417622 0.1314603 0.2044534 0.2044534 0.0000000 0.5314712 0.3603458 0.4473565 0.5222319 0.3606236 0.2809705 0.2809705 0.2809705 0.7425375 0.3605891 0.2052396 0.4473565 0.6130834 0.2810930 0.3603458 0.5409533 0.3603114 0.6130834 0.2810930 0.4415053 0.2810930 0.1314603 0.6742222 0.2810930 0.6742222 0.3605582 0.4415445 0.9038302 0.3606236 0.7425375 0.5222319 0.4476261 0.5314712 0.5314712 0.4417622 0.4417622 0.2035188 0.5222319 0.2810930 0.2807609 0.4412038 0.3640594 0.5222319 0.6130834 0.2035188 0.3607929 0.0000010 0.2045346 0.3601426 0.2809705 0.9038302 0.6738619 0.6001599 0.6130834 0.2790289 0.9348625 0.6738619 0.6738619 0.5218534 0.3603114 0.4415445 0.2829168 0.2829168 0.2052396 0.4476261 0.3642349 0.4473565 0.4476261 0.3568802 0.0635639 0.5311911 
af_001_119-DW-AnB-4_h2geneonly   0.1314728 0.0000010 0.1314728 0.0636123 0.0636123 0.3643024 0.2809098 0.2809098 0.5314712 0.0000000 0.2809975 0.3640129 0.1317331 0.1317937 0.3603442 0.3603442 0.2044291 0.5218027 0.1317799 0.4474959 0.3640129 0.2035377 0.2043079 0.2809975 0.2809086 0.2849832 0.2035377 0.3605132 0.3605441 0.3605132 0.3643024 0.4414194 0.3605132 0.4414194 0.4413846 0.2043481 0.6209394 0.1317937 0.5218027 0.2809353 0.2034391 0.1320440 0.1320440 0.2044291 0.2044291 0.4478915 0.1317331 0.2043079 0.3606217 0.2044930 0.2790014 0.2809353 0.0635499 0.4478915 0.1317205 0.5314712 0.2807340 0.2811454 0.2044291 0.6209394 0.4411673 0.3603442 0.0635499 0.2054036 0.6988203 0.4411673 0.4411673 0.5997008 0.2849832 0.2043481 0.3639810 0.3639810 0.4474959 0.2034391 0.1314467 0.2035377 0.2052364 0.2829977 0.4475852 0.2827553 
af_001_127-DW-AnB-12_h2geneonly  0.1318338 0.2809975 0.1318338 0.3641268 0.3641268 0.3601770 0.4473973 0.4473973 0.3603458 0.2809975 0.0000000 0.3679904 0.2829977 0.2828462 0.3641268 0.3641268 0.3641268 0.5311911 0.4476624 0.6271497 0.3679904 0.2044930 0.5311911 0.0000010 0.2829704 0.4473053 0.2044930 0.5311911 0.3643343 0.5311911 0.3601770 0.4476624 0.5311911 0.4476624 0.6127216 0.2053213 0.6411051 0.2828462 0.5311911 0.2829977 0.0636576 0.4539492 0.4539492 0.3641268 0.3641268 0.4412038 0.2829977 0.5311911 0.0635831 0.0635630 0.2809975 0.2829977 0.2044930 0.4412038 0.4473973 0.3603458 0.4476261 0.1314861 0.3641268 0.6411051 0.4473973 0.3641268 0.2044930 0.2042683 0.7235082 0.4473973 0.4473973 0.6127216 0.4473053 0.2053213 0.5409999 0.5409999 0.6271497 0.0636576 0.4415070 0.2044930 0.3677751 0.1317602 0.4414211 0.2848839 
af_001_140-DW-NeA-49_h2geneonly  0.2052558 0.3640129 0.2052558 0.2809353 0.2809353 0.4476624 0.3603442 0.3603442 0.4473565 0.3640129 0.3679904 0.0000000 0.2044483 0.2043481 0.2809353 0.2809353 0.2809353 0.4414194 0.3605441 0.2034183 0.0000010 0.2829067 0.4414194 0.3679904 0.0636121 0.2044719 0.2829067 0.4414194 0.2810832 0.4414194 0.4476624 0.3605441 0.4414194 0.3605441 0.5218027 0.1318063 0.5165124 0.2043481 0.4414194 0.2044483 0.2827553 0.2035377 0.2035377 0.2809353 0.2809353 0.5315100 0.2044483 0.4414194 0.2848544 0.2850394 0.3640129 0.2044483 0.2829067 0.5315100 0.3603442 0.4473565 0.5218027 0.2062273 0.2809353 0.5165124 0.3603442 0.2809353 0.2829067 0.2829977 0.6043032 0.3603442 0.3603442 0.5218027 0.2044719 0.1318063 0.4472672 0.4472672 0.2034183 0.2827553 0.5310556 0.2829067 0.2827553 0.2054231 0.5311470 0.2052558 
af_001_143-DW-NeA-52_h1geneonly  0.1318063 0.1317331 0.1318063 0.0635561 0.0635561 0.3606545 0.2790275 0.2790275 0.5222319 0.1317331 0.2829977 0.2044483 0.0000000 0.1314856 0.2035574 0.2035574 0.2035574 0.3570417 0.1314720 0.4414194 0.2044483 0.2044483 0.2034379 0.2829977 0.2829067 0.2829689 0.2044483 0.3570417 0.2036562 0.3570417 0.3606545 0.2791719 0.3570417 0.2791719 0.4356978 0.0635889 0.4080407 0.1314856 0.3570417 0.1315447 0.2043481 0.1317331 0.1317331 0.2035574 0.2035574 0.4417971 0.0000010 0.2034379 0.3643343 0.2054231 0.2809353 0.1315447 0.0636184 0.4417971 0.1314130 0.5222319 0.2788558 0.2831494 0.2035574 0.4080407 0.2790275 0.2035574 0.0636184 0.2045129 0.4964963 0.2790275 0.2790275 0.4356978 0.2829689 0.0635889 0.3603442 0.3603442 0.4414194 0.2043481 0.2807594 0.2044483 0.2043481 0.1319063 0.4415053 0.1318063 
af_001_145-DW-NeA-54_h1geneonly  0.1317468 0.1317937 0.1317468 0.0635828 0.0635828 0.2044937 0.1314731 0.1314731 0.3606236 0.1317937 0.2828462 0.2043481 0.1314856 0.0000000 0.2034587 0.2034587 0.0635828 0.3568486 0.1315322 0.2809098 0.2043481 0.2043481 0.2035385 0.2828462 0.2827553 0.2831233 0.2043481 0.2035385 0.2035574 0.2035385 0.2044937 0.2790275 0.2035385 0.2790275 0.2790026 0.0635627 0.4077657 0.0000010 0.3568486 0.1314856 0.2042480 0.1317937 0.1317937 0.0635828 0.0635828 0.2811467 0.1314856 0.2035385 0.3641268 0.2053213 0.2807876 0.1314856 0.2043481 0.2811467 0.1314731 0.3606236 0.2790026 0.2829977 0.0635828 0.4077657 0.2788833 0.2034587 0.2043481 0.0636638 0.4961622 0.2788833 0.2788833 0.4354570 0.2831233 0.0635627 0.2043289 0.2043289 0.2809098 0.2042480 0.2809098 0.2043481 0.0636189 0.1318468 0.4417622 0.1317468 
af_001_14-DW-Tar10_h1geneonly    0.2043481 0.3603442 0.2043481 0.2790275 0.2790275 0.1318204 0.0635500 0.0635500 0.2809705 0.3603442 0.3641268 0.2809353 0.2035574 0.2034587 0.0000000 0.0000010 0.1314130 0.4356978 0.2034379 0.2043079 0.2809353 0.2809353 0.1314595 0.3641268 0.3640129 0.5315100 0.2809353 0.1314595 0.1314720 0.1314595 0.1318204 0.3570417 0.1314595 0.3570417 0.2034190 0.1314856 0.5058117 0.2034587 0.4356978 0.2035574 0.2807876 0.3603442 0.3603442 0.2790275 0.2790275 0.2044726 0.2035574 0.1314595 0.4476624 0.2829977 0.0636123 0.2035574 0.2809353 0.2044726 0.2035385 0.2809705 0.2034190 0.3643343 0.1314130 0.5058117 0.3568486 0.2790275 0.2809353 0.2810242 0.5893752 0.3568486 0.3568486 0.2034190 0.5315100 0.1314856 0.1317205 0.1317205 0.2043079 0.2807876 0.2043079 0.1317331 0.2807876 0.2045129 0.3605891 0.2043481 
af_001_14-DW-Tar10_h2geneonly    0.2043481 0.3603442 0.2043481 0.2790275 0.2790275 0.1318204 0.0635500 0.0635500 0.2809705 0.3603442 0.3641268 0.2809353 0.2035574 0.2034587 0.0000010 0.0000000 0.1314130 0.4356978 0.2034379 0.2043079 0.2809353 0.2809353 0.1314595 0.3641268 0.3640129 0.5315100 0.2809353 0.1314595 0.1314720 0.1314595 0.1318204 0.3570417 0.1314595 0.3570417 0.2034190 0.1314856 0.5058117 0.2034587 0.4356978 0.2035574 0.2807876 0.3603442 0.3603442 0.2790275 0.2790275 0.2044726 0.2035574 0.1314595 0.4476624 0.2829977 0.0636123 0.2035574 0.2809353 0.2044726 0.2035385 0.2809705 0.2034190 0.3643343 0.1314130 0.5058117 0.3568486 0.2790275 0.2809353 0.2810242 0.5893752 0.3568486 0.3568486 0.2034190 0.5315100 0.1314856 0.1317205 0.1317205 0.2043079 0.2807876 0.2043079 0.1317331 0.2807876 0.2045129 0.3605891 0.2043481 
af_001_150-DW-AnB-51_h1geneonly  0.2043481 0.2044291 0.2043481 0.1315322 0.1315322 0.1318204 0.0635500 0.0635500 0.2809705 0.2044291 0.3641268 0.2809353 0.2035574 0.0635828 0.1314130 0.1314130 0.0000000 0.4356978 0.0635762 0.2043079 0.2809353 0.2809353 0.1314595 0.3641268 0.3640129 0.3645101 0.2809353 0.1314595 0.1314720 0.1314595 0.1318204 0.3570417 0.1314595 0.3570417 0.2034190 0.1314856 0.5058117 0.0635828 0.4356978 0.2035574 0.2807876 0.2044291 0.2044291 0.1315322 0.1315322 0.2044726 0.2035574 0.1314595 0.4476624 0.2829977 0.2042270 0.2035574 0.2809353 0.2044726 0.2035385 0.2809705 0.2034190 0.3643343 0.0000010 0.5058117 0.3568486 0.2790275 0.2809353 0.1318937 0.5893752 0.3568486 0.3568486 0.3566224 0.3645101 0.1314856 0.1317205 0.1317205 0.2043079 0.2807876 0.2043079 0.1317331 0.1317937 0.2045129 0.3605891 0.2043481 
af_001_150-DW-AnB-51_h2geneonly  0.3603442 0.5218027 0.3603442 0.4356978 0.4356978 0.6001599 0.5132994 0.5132994 0.7425375 0.5218027 0.5311911 0.4414194 0.3570417 0.3568486 0.4356978 0.4356978 0.4356978 0.0000000 0.5135822 0.6737561 0.4414194 0.4414194 0.5883617 0.5311911 0.5310556 0.6909989 0.4414194 0.4354194 0.2789999 0.4354194 0.6001599 0.0635434 0.4354194 0.0635434 0.3567853 0.2790275 0.5054025 0.3568486 0.0000010 0.3570417 0.4411673 0.5218027 0.5218027 0.4356978 0.4356978 0.6742222 0.3570417 0.5883617 0.6130834 0.4476624 0.5218027 0.3570417 0.4414194 0.6742222 0.5132994 0.7425375 0.6588303 0.5315100 0.4356978 0.5054025 0.0635701 0.1314595 0.4414194 0.4415445 0.2238465 0.0635701 0.0635701 0.2034988 0.6909989 0.2790275 0.5997008 0.5997008 0.6737561 0.4411673 0.6737561 0.4414194 0.4411673 0.3606545 0.8052503 0.3603442 
af_001_151-DW-AnB-53_h2geneonly  0.2809353 0.1317799 0.2809353 0.0635762 0.0635762 0.2044726 0.1314595 0.1314595 0.3605891 0.1317799 0.4476624 0.3605441 0.1314720 0.1315322 0.2034379 0.2034379 0.0635762 0.5135822 0.0000000 0.2808816 0.3605441 0.3605441 0.0635434 0.4476624 0.4475322 0.2830945 0.3605441 0.2035177 0.2035366 0.2035177 0.2044726 0.4359389 0.2035177 0.4359389 0.2789750 0.2035574 0.6043032 0.1315322 0.5135822 0.2791719 0.3603442 0.1317799 0.1317799 0.2036373 0.2036373 0.2811185 0.1314720 0.0635434 0.5315100 0.3643343 0.2807594 0.2791719 0.2043270 0.2811185 0.1314595 0.3605891 0.1313869 0.4479279 0.0635762 0.6043032 0.4356978 0.3570417 0.2043270 0.2045941 0.6784493 0.4356978 0.4356978 0.4354194 0.2830945 0.2035574 0.2043079 0.2043079 0.2808816 0.3603442 0.1317068 0.2043270 0.2044291 0.2811722 0.2809424 0.2809353 
af_001_17-DW-Tak1_h1geneonly     0.4472672 0.4474959 0.4472672 0.3605132 0.3605132 0.2053628 0.1317674 0.1317674 0.2052396 0.4474959 0.6271497 0.2034183 0.4414194 0.2809098 0.2043079 0.2043079 0.2043079 0.6737561 0.2808816 0.0000000 0.2034183 0.5310556 0.2043889 0.6271497 0.2807328 0.2810917 0.5310556 0.2043889 0.3603097 0.2043889 0.2053628 0.6000371 0.2043889 0.6000371 0.2808562 0.3603442 0.8183222 0.2809098 0.6737561 0.4414194 0.5307372 0.2791208 0.2791208 0.3605132 0.3605132 0.2830684 0.4414194 0.2043889 0.5409533 0.5413410 0.2827005 0.4414194 0.5310556 0.2830684 0.2810322 0.2052396 0.2808562 0.4539065 0.2043079 0.8183222 0.5997008 0.5218027 0.5310556 0.3643024 0.8654099 0.5997008 0.5997008 0.4410933 0.2810917 0.3603442 0.2051956 0.2051956 0.0000010 0.5307372 0.2828259 0.3637703 0.3639810 0.4476624 0.2828880 0.4472672 
af_001_17-DW-Tak1_h2geneonly     0.2052558 0.3640129 0.2052558 0.2809353 0.2809353 0.4476624 0.3603442 0.3603442 0.4473565 0.3640129 0.3679904 0.0000010 0.2044483 0.2043481 0.2809353 0.2809353 0.2809353 0.4414194 0.3605441 0.2034183 0.0000000 0.2829067 0.4414194 0.3679904 0.0636121 0.2044719 0.2829067 0.4414194 0.2810832 0.4414194 0.4476624 0.3605441 0.4414194 0.3605441 0.5218027 0.1318063 0.5165124 0.2043481 0.4414194 0.2044483 0.2827553 0.2035377 0.2035377 0.2809353 0.2809353 0.5315100 0.2044483 0.4414194 0.2848544 0.2850394 0.3640129 0.2044483 0.2829067 0.5315100 0.3603442 0.4473565 0.5218027 0.2062273 0.2809353 0.5165124 0.3603442 0.2809353 0.2829067 0.2829977 0.6043032 0.3603442 0.3603442 0.5218027 0.2044719 0.1318063 0.4472672 0.4472672 0.2034183 0.2827553 0.5310556 0.2829067 0.2827553 0.2054231 0.5311470 0.2052558 
af_001_182-DW-NeA-6_h2geneonly   0.0635827 0.2035377 0.0635827 0.2809353 0.2809353 0.4476624 0.3603442 0.3603442 0.6130834 0.2035377 0.2044930 0.2829067 0.2044483 0.2043481 0.2809353 0.2809353 0.2809353 0.4414194 0.3605441 0.5310556 0.2829067 0.0000000 0.4414194 0.2044930 0.2044284 0.5416825 0.0000010 0.4414194 0.2810832 0.4414194 0.4476624 0.3605441 0.4414194 0.3605441 0.5218027 0.1318063 0.5165124 0.2043481 0.4414194 0.0636184 0.1314728 0.3640129 0.3640129 0.1317331 0.1317331 0.3640912 0.2044483 0.4414194 0.2811454 0.1318934 0.2035377 0.0636184 0.1315318 0.3640912 0.3603442 0.6130834 0.5218027 0.2045934 0.2809353 0.5165124 0.3603442 0.2809353 0.1315318 0.2829977 0.6043032 0.3603442 0.3603442 0.5218027 0.5416825 0.1318063 0.4472672 0.4472672 0.5310556 0.1314728 0.3570099 0.1315318 0.2827553 0.2054231 0.6909989 0.2052558 
af_001_185-DW-NeA-14_h1geneonly  0.3603442 0.2043079 0.3603442 0.1314595 0.1314595 0.1318674 0.0635701 0.0635701 0.2810930 0.2043079 0.5311911 0.4414194 0.2034379 0.2035385 0.1314595 0.1314595 0.1314595 0.5883617 0.0635434 0.2043889 0.4414194 0.4414194 0.0000000 0.5311911 0.5310556 0.3642668 0.4414194 0.1315060 0.2789999 0.1315060 0.1318674 0.5135822 0.1315060 0.5135822 0.2034988 0.2790275 0.6988203 0.2035385 0.5883617 0.3570417 0.4411673 0.2043079 0.2043079 0.2791469 0.2791469 0.2045538 0.2034379 0.0000010 0.6130834 0.4476624 0.2043079 0.3570417 0.2807594 0.2045538 0.0635701 0.2810930 0.0635373 0.5315100 0.1314595 0.6988203 0.5132994 0.4356978 0.2807594 0.2811467 0.7602751 0.5132994 0.5132994 0.3567853 0.3642668 0.2790275 0.1317674 0.1317674 0.2043889 0.4411673 0.0635995 0.2807594 0.2809098 0.3606545 0.2044324 0.3603442 
af_001_185-DW-NeA-14_h2geneonly  0.1318338 0.2809975 0.1318338 0.3641268 0.3641268 0.3601770 0.4473973 0.4473973 0.3603458 0.2809975 0.0000010 0.3679904 0.2829977 0.2828462 0.3641268 0.3641268 0.3641268 0.5311911 0.4476624 0.6271497 0.3679904 0.2044930 0.5311911 0.0000000 0.2829704 0.4473053 0.2044930 0.5311911 0.3643343 0.5311911 0.3601770 0.4476624 0.5311911 0.4476624 0.6127216 0.2053213 0.6411051 0.2828462 0.5311911 0.2829977 0.0636576 0.4539492 0.4539492 0.3641268 0.3641268 0.4412038 0.2829977 0.5311911 0.0635831 0.0635630 0.2809975 0.2829977 0.2044930 0.4412038 0.4473973 0.3603458 0.4476261 0.1314861 0.3641268 0.6411051 0.4473973 0.3641268 0.2044930 0.2042683 0.7235082 0.4473973 0.4473973 0.6127216 0.4473053 0.2053213 0.5409999 0.5409999 0.6271497 0.0636576 0.4415070 0.2044930 0.3677751 0.1317602 0.4414211 0.2848839 
af_001_186-DW-NeA-15_h1geneonly  0.1317933 0.2809086 0.1317933 0.3640129 0.3640129 0.5413410 0.4472672 0.4472672 0.5409533 0.2809086 0.2829704 0.0636121 0.2829067 0.2827553 0.3640129 0.3640129 0.3640129 0.5310556 0.4475322 0.2807328 0.0636121 0.2044284 0.5310556 0.2829704 0.0000000 0.2829416 0.2044284 0.5310556 0.3642202 0.5310556 0.5413410 0.4475322 0.5310556 0.4475322 0.6125938 0.2052558 0.6409290 0.2827553 0.5310556 0.2829067 0.2043282 0.2809086 0.2809086 0.3640129 0.3640129 0.6275425 0.2829067 0.5310556 0.2052797 0.2054029 0.2809086 0.2829067 0.2044284 0.6275425 0.4472672 0.5409533 0.6125938 0.1321444 0.3640129 0.6409290 0.4472672 0.3640129 0.2044284 0.3679904 0.7233766 0.4472672 0.4472672 0.6125938 0.2829416 0.2052558 0.5408578 0.5408578 0.2807328 0.2043282 0.4413819 0.2044284 0.3676574 0.2850394 0.6271018 0.2847908 
af_001_186-DW-NeA-15_h2geneonly  0.4542288 0.2849832 0.4542288 0.2053822 0.2053822 0.3605457 0.4478915 0.4478915 0.3603114 0.2849832 0.4473053 0.2044719 0.2829689 0.2831233 0.5315100 0.5315100 0.3645101 0.6909989 0.2830945 0.2810917 0.2044719 0.5416825 0.3642668 0.4473053 0.2829416 0.0000000 0.5416825 0.5317905 0.5318293 0.5317905 0.3605457 0.6134457 0.5317905 0.6134457 0.6134066 0.3643343 0.8591548 0.2831233 0.6909989 0.4479279 0.5413410 0.1318670 0.1318670 0.3645101 0.3645101 0.4416736 0.2829689 0.3642668 0.3638038 0.3640464 0.6275425 0.4479279 0.3679537 0.4416736 0.2829429 0.3603114 0.4475852 0.2827541 0.3645101 0.8591548 0.6130834 0.5315100 0.3679537 0.2044495 0.9043996 0.6130834 0.6130834 0.7629806 0.0000010 0.3643343 0.5416415 0.5416415 0.2810917 0.5413410 0.4541481 0.5416825 0.3681731 0.2809622 0.2807328 0.4542288 
af_001_187-DW-NeA-18_h2geneonly  0.0635827 0.2035377 0.0635827 0.2809353 0.2809353 0.4476624 0.3603442 0.3603442 0.6130834 0.2035377 0.2044930 0.2829067 0.2044483 0.2043481 0.2809353 0.2809353 0.2809353 0.4414194 0.3605441 0.5310556 0.2829067 0.0000010 0.4414194 0.2044930 0.2044284 0.5416825 0.0000000 0.4414194 0.2810832 0.4414194 0.4476624 0.3605441 0.4414194 0.3605441 0.5218027 0.1318063 0.5165124 0.2043481 0.4414194 0.0636184 0.1314728 0.3640129 0.3640129 0.1317331 0.1317331 0.3640912 0.2044483 0.4414194 0.2811454 0.1318934 0.2035377 0.0636184 0.1315318 0.3640912 0.3603442 0.6130834 0.5218027 0.2045934 0.2809353 0.5165124 0.3603442 0.2809353 0.1315318 0.2829977 0.6043032 0.3603442 0.3603442 0.5218027 0.5416825 0.1318063 0.4472672 0.4472672 0.5310556 0.1314728 0.3570099 0.1315318 0.2827553 0.2054231 0.6909989 0.2052558 
af_001_18-DW-Tak2_h1geneonly     0.3603442 0.3605132 0.3603442 0.2791469 0.2791469 0.1318674 0.0635701 0.0635701 0.2810930 0.3605132 0.5311911 0.4414194 0.3570417 0.2035385 0.1314595 0.1314595 0.1314595 0.4354194 0.2035177 0.2043889 0.4414194 0.4414194 0.1315060 0.5311911 0.5310556 0.5317905 0.4414194 0.0000000 0.2789999 0.1315060 0.1318674 0.3568152 0.0000010 0.3568152 0.2034988 0.2790275 0.5054025 0.2035385 0.4354194 0.3570417 0.4411673 0.3605132 0.3605132 0.2791469 0.2791469 0.2045538 0.3570417 0.1315060 0.6130834 0.4476624 0.2043079 0.3570417 0.4414194 0.2045538 0.2036183 0.2810930 0.2034988 0.5315100 0.1314595 0.5054025 0.5132994 0.2788558 0.4414194 0.2811467 0.5889293 0.3566224 0.3566224 0.3567853 0.5317905 0.2790275 0.1317674 0.1317674 0.2043889 0.4411673 0.2043889 0.2807594 0.2809098 0.3606545 0.3607584 0.3603442 
af_001_18-DW-Tak2_h2geneonly     0.2044483 0.3605441 0.2044483 0.2791719 0.2791719 0.2809960 0.2034379 0.2034379 0.4415053 0.3605441 0.3643343 0.2810832 0.2036562 0.2035574 0.1314720 0.1314720 0.1314720 0.2789999 0.2035366 0.3603097 0.2810832 0.2810832 0.2789999 0.3643343 0.3642202 0.5318293 0.2810832 0.2789999 0.0000000 0.1313994 0.2809960 0.2035366 0.2789999 0.2035366 0.2033186 0.1315447 0.5061703 0.2035574 0.2789999 0.2036562 0.2809353 0.3605441 0.3605441 0.2791719 0.2791719 0.3606201 0.2036562 0.2789999 0.4479279 0.2831494 0.2043270 0.2036562 0.2810832 0.3606201 0.3570417 0.4415053 0.3568152 0.3645420 0.1314720 0.5061703 0.2034379 0.2791719 0.2810832 0.2811722 0.4023990 0.3570417 0.3570417 0.2033186 0.5318293 0.1315447 0.2807594 0.2807594 0.3603097 0.2809353 0.3603097 0.1317925 0.2809353 0.2046133 0.5221899 0.2044483 
af_001_19-DW-Tak3_h2geneonly     0.3603442 0.3605132 0.3603442 0.2791469 0.2791469 0.1318674 0.0635701 0.0635701 0.2810930 0.3605132 0.5311911 0.4414194 0.3570417 0.2035385 0.1314595 0.1314595 0.1314595 0.4354194 0.2035177 0.2043889 0.4414194 0.4414194 0.1315060 0.5311911 0.5310556 0.5317905 0.4414194 0.1315060 0.1313994 0.0000000 0.1318674 0.3568152 0.1315060 0.3568152 0.0635373 0.2790275 0.6988203 0.2035385 0.4354194 0.3570417 0.4411673 0.3605132 0.3605132 0.2791469 0.2791469 0.2045538 0.3570417 0.1315060 0.6130834 0.4476624 0.2043079 0.3570417 0.4414194 0.2045538 0.2036183 0.2810930 0.2034988 0.5315100 0.1314595 0.6988203 0.3566224 0.4356978 0.4414194 0.2811467 0.5889293 0.5132994 0.5132994 0.2032997 0.5317905 0.2790275 0.1317674 0.1317674 0.2043889 0.4411673 0.2043889 0.2807594 0.2809098 0.3606545 0.3607584 0.3603442 
af_001_1-DW-Suh2_h2geneonly      0.3641268 0.3643024 0.3641268 0.2811467 0.2811467 0.0000010 0.0636511 0.0636511 0.1314603 0.3643024 0.3601770 0.4476624 0.3606545 0.2044937 0.1318204 0.1318204 0.1318204 0.6001599 0.2044726 0.2053628 0.4476624 0.4476624 0.1318674 0.3601770 0.5413410 0.3605457 0.4476624 0.1318674 0.2809960 0.1318674 0.0000000 0.5222319 0.1318674 0.5222319 0.2044534 0.2810242 0.7235082 0.2044937 0.6001599 0.3606545 0.4473973 0.3643024 0.3643024 0.2811467 0.2811467 0.0635766 0.3606545 0.1318674 0.4412038 0.2808145 0.2052805 0.3606545 0.4476624 0.0635766 0.2045749 0.1314603 0.2044534 0.3603767 0.1318204 0.7235082 0.5219323 0.4415445 0.4476624 0.1314864 0.7869484 0.5219323 0.5219323 0.3603892 0.3605457 0.2810242 0.1321321 0.1321321 0.2053628 0.4473973 0.2053628 0.2828174 0.2829717 0.2034787 0.2035188 0.3641268 
af_001_22-DW-Tak6_h2geneonly     0.2809353 0.4414194 0.2809353 0.3570417 0.3570417 0.5222319 0.4356978 0.4356978 0.6742222 0.4414194 0.4476624 0.3605441 0.2791719 0.2790275 0.3570417 0.3570417 0.3570417 0.0635434 0.4359389 0.6000371 0.3605441 0.3605441 0.5135822 0.4476624 0.4475322 0.6134457 0.3605441 0.3568152 0.2035366 0.3568152 0.5222319 0.0000000 0.3568152 0.0000010 0.2789750 0.2035574 0.4077212 0.2790275 0.0635434 0.2791719 0.3603442 0.4414194 0.4414194 0.3570417 0.3570417 0.6004965 0.2791719 0.5135822 0.5315100 0.3643343 0.4414194 0.2791719 0.3605441 0.6004965 0.4356978 0.6742222 0.5883617 0.4479279 0.3570417 0.4077212 0.1314595 0.2034379 0.3605441 0.3606545 0.1430038 0.1314595 0.1314595 0.2789750 0.6134457 0.2035574 0.5218027 0.5218027 0.6000371 0.3603442 0.6000371 0.3605441 0.3603442 0.2811722 0.7429085 0.2809353 
af_001_26-DW-Tub2_h1geneonly     0.3603442 0.3605132 0.3603442 0.2791469 0.2791469 0.1318674 0.0635701 0.0635701 0.2810930 0.3605132 0.5311911 0.4414194 0.3570417 0.2035385 0.1314595 0.1314595 0.1314595 0.4354194 0.2035177 0.2043889 0.4414194 0.4414194 0.1315060 0.5311911 0.5310556 0.5317905 0.4414194 0.0000010 0.2789999 0.1315060 0.1318674 0.3568152 0.0000000 0.3568152 0.2034988 0.2790275 0.5054025 0.2035385 0.4354194 0.3570417 0.4411673 0.3605132 0.3605132 0.2791469 0.2791469 0.2045538 0.3570417 0.1315060 0.6130834 0.4476624 0.2043079 0.3570417 0.4414194 0.2045538 0.2036183 0.2810930 0.2034988 0.5315100 0.1314595 0.5054025 0.5132994 0.2788558 0.4414194 0.2811467 0.5889293 0.3566224 0.3566224 0.3567853 0.5317905 0.2790275 0.1317674 0.1317674 0.2043889 0.4411673 0.2043889 0.2807594 0.2809098 0.3606545 0.3607584 0.3603442 
af_001_26-DW-Tub2_h2geneonly     0.2809353 0.4414194 0.2809353 0.3570417 0.3570417 0.5222319 0.4356978 0.4356978 0.6742222 0.4414194 0.4476624 0.3605441 0.2791719 0.2790275 0.3570417 0.3570417 0.3570417 0.0635434 0.4359389 0.6000371 0.3605441 0.3605441 0.5135822 0.4476624 0.4475322 0.6134457 0.3605441 0.3568152 0.2035366 0.3568152 0.5222319 0.0000010 0.3568152 0.0000000 0.2789750 0.2035574 0.4077212 0.2790275 0.0635434 0.2791719 0.3603442 0.4414194 0.4414194 0.3570417 0.3570417 0.6004965 0.2791719 0.5135822 0.5315100 0.3643343 0.4414194 0.2791719 0.3605441 0.6004965 0.4356978 0.6742222 0.5883617 0.4479279 0.3570417 0.4077212 0.1314595 0.2034379 0.3605441 0.3606545 0.1430038 0.1314595 0.1314595 0.2789750 0.6134457 0.2035574 0.5218027 0.5218027 0.6000371 0.3603442 0.6000371 0.3605441 0.3603442 0.2811722 0.7429085 0.2809353 
af_001_27-DW-Tub3_h2geneonly     0.4411673 0.4413846 0.4411673 0.3570117 0.3570117 0.2044534 0.1314470 0.1314470 0.3605582 0.4413846 0.6127216 0.5218027 0.4356978 0.2790026 0.2034190 0.2034190 0.2034190 0.3567853 0.2789750 0.2808562 0.5218027 0.5218027 0.2034988 0.6127216 0.6125938 0.6134066 0.5218027 0.2034988 0.2033186 0.0635373 0.2044534 0.2789750 0.2034988 0.2789750 0.0000000 0.3568486 0.7863574 0.2790026 0.3567853 0.4356978 0.5215036 0.4413846 0.4413846 0.3570117 0.3570117 0.2810930 0.4356978 0.2034988 0.6906084 0.5311911 0.2807340 0.4356978 0.5218027 0.2810930 0.2791220 0.3605582 0.2789501 0.6130834 0.2034190 0.7863574 0.2788309 0.5132994 0.5218027 0.3606236 0.4960712 0.4356643 0.4356643 0.1313744 0.6134066 0.3568486 0.2042887 0.2042887 0.2808562 0.5215036 0.2808562 0.3601101 0.3603133 0.4415445 0.4416880 0.4411673 
af_001_2-DW-Suh5_h2geneonly      0.0636250 0.2043481 0.0636250 0.1314856 0.1314856 0.2810242 0.2034587 0.2034587 0.4415445 0.2043481 0.2053213 0.1318063 0.0635889 0.0635627 0.1314856 0.1314856 0.1314856 0.2790275 0.2035574 0.3603442 0.1318063 0.1318063 0.2790275 0.2053213 0.2052558 0.3643343 0.1318063 0.2790275 0.1315447 0.2790275 0.2810242 0.2035574 0.2790275 0.2035574 0.3568486 0.0000000 0.3136805 0.0635627 0.2790275 0.0635889 0.1317468 0.2043481 0.2043481 0.1314856 0.1314856 0.3606545 0.0635889 0.2790275 0.2829977 0.1321713 0.2043481 0.0635889 0.1318063 0.3606545 0.2034587 0.4415445 0.3568486 0.2054231 0.1314856 0.3136805 0.2034587 0.1314856 0.1318063 0.1318468 0.4024417 0.2034587 0.2034587 0.3568486 0.3643343 0.0000010 0.2807876 0.2807876 0.3603442 0.1317468 0.3603442 0.1318063 0.1317468 0.0636699 0.5222319 0.0636250 
af_001_31-DW-Tub7_h2geneonly     0.4137666 0.6209394 0.4137666 0.5058117 0.5058117 0.7235082 0.6038711 0.6038711 0.9038302 0.6209394 0.6411051 0.5165124 0.4080407 0.4077657 0.5058117 0.5058117 0.5058117 0.5054025 0.6043032 0.8183222 0.5165124 0.5165124 0.6988203 0.6411051 0.6409290 0.8591548 0.5165124 0.5054025 0.5061703 0.6988203 0.7235082 0.4077212 0.5054025 0.4077212 0.7863574 0.3136805 0.0000000 0.4077657 0.5054025 0.4080407 0.5161250 0.6209394 0.6209394 0.5058117 0.5058117 0.8189715 0.4080407 0.6988203 0.7534408 0.5287030 0.6209394 0.4080407 0.5165124 0.8189715 0.6038711 0.9038302 0.7863574 0.6416455 0.5058117 0.0000010 0.6038711 0.3134499 0.5165124 0.5166819 0.2043259 0.4074468 0.4074468 0.7863574 0.8591548 0.3136805 0.4961158 0.4961158 0.8183222 0.5161250 0.8183222 0.5165124 0.3107802 0.4142069 0.9781335 0.2240207 
af_001_36-DW-Tub12_h1geneonly    0.1317468 0.1317937 0.1317468 0.0635828 0.0635828 0.2044937 0.1314731 0.1314731 0.3606236 0.1317937 0.2828462 0.2043481 0.1314856 0.0000010 0.2034587 0.2034587 0.0635828 0.3568486 0.1315322 0.2809098 0.2043481 0.2043481 0.2035385 0.2828462 0.2827553 0.2831233 0.2043481 0.2035385 0.2035574 0.2035385 0.2044937 0.2790275 0.2035385 0.2790275 0.2790026 0.0635627 0.4077657 0.0000000 0.3568486 0.1314856 0.2042480 0.1317937 0.1317937 0.0635828 0.0635828 0.2811467 0.1314856 0.2035385 0.3641268 0.2053213 0.2807876 0.1314856 0.2043481 0.2811467 0.1314731 0.3606236 0.2790026 0.2829977 0.0635828 0.4077657 0.2788833 0.2034587 0.2043481 0.0636638 0.4961622 0.2788833 0.2788833 0.4354570 0.2831233 0.0635627 0.2043289 0.2043289 0.2809098 0.2042480 0.2809098 0.2043481 0.0636189 0.1318468 0.4417622 0.1317468 
af_001_38-DW-Tub15_h2geneonly    0.3603442 0.5218027 0.3603442 0.4356978 0.4356978 0.6001599 0.5132994 0.5132994 0.7425375 0.5218027 0.5311911 0.4414194 0.3570417 0.3568486 0.4356978 0.4356978 0.4356978 0.0000010 0.5135822 0.6737561 0.4414194 0.4414194 0.5883617 0.5311911 0.5310556 0.6909989 0.4414194 0.4354194 0.2789999 0.4354194 0.6001599 0.0635434 0.4354194 0.0635434 0.3567853 0.2790275 0.5054025 0.3568486 0.0000000 0.3570417 0.4411673 0.5218027 0.5218027 0.4356978 0.4356978 0.6742222 0.3570417 0.5883617 0.6130834 0.4476624 0.5218027 0.3570417 0.4414194 0.6742222 0.5132994 0.7425375 0.6588303 0.5315100 0.4356978 0.5054025 0.0635701 0.1314595 0.4414194 0.4415445 0.2238465 0.0635701 0.0635701 0.2034988 0.6909989 0.2790275 0.5997008 0.5997008 0.6737561 0.4411673 0.6737561 0.4414194 0.4411673 0.3606545 0.8052503 0.3603442 
af_001_49-DW-WE1_h2geneonly      0.1318063 0.2809353 0.1318063 0.2035574 0.2035574 0.3606545 0.2790275 0.2790275 0.5222319 0.2809353 0.2829977 0.2044483 0.1315447 0.1314856 0.2035574 0.2035574 0.2035574 0.3570417 0.2791719 0.4414194 0.2044483 0.0636184 0.3570417 0.2829977 0.2829067 0.4479279 0.0636184 0.3570417 0.2036562 0.3570417 0.3606545 0.2791719 0.3570417 0.2791719 0.4356978 0.0635889 0.4080407 0.1314856 0.3570417 0.0000000 0.2043481 0.2809353 0.2809353 0.0635561 0.0635561 0.2809960 0.1315447 0.3570417 0.3643343 0.2054231 0.2809353 0.0000010 0.2044483 0.2809960 0.2790275 0.5222319 0.4356978 0.2831494 0.2035574 0.4080407 0.2790275 0.2035574 0.2044483 0.2045129 0.4964963 0.2790275 0.2790275 0.4356978 0.4479279 0.0635889 0.3603442 0.3603442 0.4414194 0.2043481 0.4414194 0.2044483 0.2043481 0.1319063 0.6004965 0.1318063 
af_001_55-DW-WE8_h1geneonly      0.0635565 0.2034391 0.0635565 0.2807876 0.2807876 0.4473973 0.3601445 0.3601445 0.4476261 0.2034391 0.0636576 0.2827553 0.2043481 0.2042480 0.2807876 0.2807876 0.2807876 0.4411673 0.3603442 0.5307372 0.2827553 0.1314728 0.4411673 0.0636576 0.2043282 0.5413410 0.1314728 0.4411673 0.2809353 0.4411673 0.4473973 0.3603442 0.4411673 0.3603442 0.5215036 0.1317468 0.5161250 0.2042480 0.4411673 0.2043481 0.0000000 0.3638058 0.3638058 0.2807876 0.2807876 0.5311911 0.2043481 0.4411673 0.1318808 0.1318338 0.2034391 0.2043481 0.1314728 0.5311911 0.3601445 0.4476261 0.3603133 0.2044930 0.2807876 0.5161250 0.3601445 0.2807876 0.1314728 0.2828462 0.6038711 0.3601445 0.3601445 0.5215036 0.5413410 0.1317468 0.4470026 0.4470026 0.5307372 0.0000010 0.3568168 0.1314728 0.2826041 0.2053213 0.5314712 0.2051542 
af_001_56-DW-WE9_h1geneonly      0.2827553 0.1320440 0.2827553 0.0636123 0.0636123 0.3643024 0.2809098 0.2809098 0.5314712 0.1320440 0.4539492 0.2035377 0.1317331 0.1317937 0.3603442 0.3603442 0.2044291 0.5218027 0.1317799 0.2791208 0.2035377 0.3640129 0.2043079 0.4539492 0.2809086 0.1318670 0.3640129 0.3605132 0.3605441 0.3605132 0.3643024 0.4414194 0.3605132 0.4414194 0.4413846 0.2043481 0.6209394 0.1317937 0.5218027 0.2809353 0.3638058 0.0000000 0.0000010 0.2044291 0.2044291 0.4478915 0.1317331 0.2043079 0.5413410 0.3679904 0.4472672 0.2809353 0.2051328 0.4478915 0.1317205 0.5314712 0.2807340 0.4542288 0.2044291 0.6209394 0.4411673 0.3603442 0.2051328 0.2054036 0.6988203 0.4411673 0.4411673 0.5997008 0.1318670 0.2043481 0.3639810 0.3639810 0.2791208 0.3638058 0.2827005 0.3640129 0.2052364 0.2829977 0.4475852 0.2827553 
af_001_56-DW-WE9_h2geneonly      0.2827553 0.1320440 0.2827553 0.0636123 0.0636123 0.3643024 0.2809098 0.2809098 0.5314712 0.1320440 0.4539492 0.2035377 0.1317331 0.1317937 0.3603442 0.3603442 0.2044291 0.5218027 0.1317799 0.2791208 0.2035377 0.3640129 0.2043079 0.4539492 0.2809086 0.1318670 0.3640129 0.3605132 0.3605441 0.3605132 0.3643024 0.4414194 0.3605132 0.4414194 0.4413846 0.2043481 0.6209394 0.1317937 0.5218027 0.2809353 0.3638058 0.0000010 0.0000000 0.2044291 0.2044291 0.4478915 0.1317331 0.2043079 0.5413410 0.3679904 0.4472672 0.2809353 0.2051328 0.4478915 0.1317205 0.5314712 0.2807340 0.4542288 0.2044291 0.6209394 0.4411673 0.3603442 0.2051328 0.2054036 0.6988203 0.4411673 0.4411673 0.5997008 0.1318670 0.2043481 0.3639810 0.3639810 0.2791208 0.3638058 0.2827005 0.3640129 0.2052364 0.2829977 0.4475852 0.2827553 
af_001_65-DW-Mad49_h2geneonly    0.2043481 0.2044291 0.2043481 0.1315322 0.1315322 0.2811467 0.2035385 0.2035385 0.4417622 0.2044291 0.3641268 0.2809353 0.2035574 0.0635828 0.2790275 0.2790275 0.1315322 0.4356978 0.2036373 0.3605132 0.2809353 0.1317331 0.2791469 0.3641268 0.3640129 0.3645101 0.1317331 0.2791469 0.2791719 0.2791469 0.2811467 0.3570417 0.2791469 0.3570417 0.3570117 0.1314856 0.5058117 0.0635828 0.4356978 0.0635561 0.2807876 0.2044291 0.2044291 0.0000000 0.0000010 0.2044726 0.2035574 0.2791469 0.4476624 0.2829977 0.3603442 0.0635561 0.2809353 0.2044726 0.2035385 0.4417622 0.3570117 0.3643343 0.1315322 0.5058117 0.3568486 0.2790275 0.2809353 0.1318937 0.5893752 0.3568486 0.3568486 0.5132994 0.3645101 0.1314856 0.2809098 0.2809098 0.3605132 0.2807876 0.3605132 0.2809353 0.1317937 0.2045129 0.5224948 0.2043481 
af_001_66-DW-Mad50_h1geneonly    0.2043481 0.2044291 0.2043481 0.1315322 0.1315322 0.2811467 0.2035385 0.2035385 0.4417622 0.2044291 0.3641268 0.2809353 0.2035574 0.0635828 0.2790275 0.2790275 0.1315322 0.4356978 0.2036373 0.3605132 0.2809353 0.1317331 0.2791469 0.3641268 0.3640129 0.3645101 0.1317331 0.2791469 0.2791719 0.2791469 0.2811467 0.3570417 0.2791469 0.3570417 0.3570117 0.1314856 0.5058117 0.0635828 0.4356978 0.0635561 0.2807876 0.2044291 0.2044291 0.0000010 0.0000000 0.2044726 0.2035574 0.2791469 0.4476624 0.2829977 0.3603442 0.0635561 0.2809353 0.2044726 0.2035385 0.4417622 0.3570117 0.3643343 0.1315322 0.5058117 0.3568486 0.2790275 0.2809353 0.1318937 0.5893752 0.3568486 0.3568486 0.5132994 0.3645101 0.1314856 0.2809098 0.2809098 0.3605132 0.2807876 0.3605132 0.2809353 0.1317937 0.2045129 0.5224948 0.2043481 
af_001_66-DW-Mad50_h2geneonly    0.4476624 0.4478915 0.4476624 0.3608239 0.3608239 0.0635766 0.1318674 0.1318674 0.2035188 0.4478915 0.4412038 0.5315100 0.4417971 0.2811467 0.2044726 0.2044726 0.2044726 0.6742222 0.2811185 0.2830684 0.5315100 0.3640912 0.2045538 0.4412038 0.6275425 0.4416736 0.3640912 0.2045538 0.3606201 0.2045538 0.0635766 0.6004965 0.2045538 0.6004965 0.2810930 0.3606545 0.8189715 0.2811467 0.6742222 0.2809960 0.5311911 0.4478915 0.4478915 0.2044726 0.2044726 0.0000000 0.4417971 0.2045538 0.5218413 0.3603767 0.2829429 0.2809960 0.5315100 0.0000010 0.2812693 0.2035188 0.2810930 0.4414560 0.2044726 0.8189715 0.6001599 0.5222319 0.5315100 0.2035585 0.8659461 0.6001599 0.6001599 0.4414704 0.4416736 0.3606545 0.2053628 0.2053628 0.2830684 0.5311911 0.2830684 0.3640912 0.3643024 0.2790539 0.2791208 0.4476624 
af_001_68-DW-Mad53_h2geneonly    0.1318063 0.1317331 0.1318063 0.0635561 0.0635561 0.3606545 0.2790275 0.2790275 0.5222319 0.1317331 0.2829977 0.2044483 0.0000010 0.1314856 0.2035574 0.2035574 0.2035574 0.3570417 0.1314720 0.4414194 0.2044483 0.2044483 0.2034379 0.2829977 0.2829067 0.2829689 0.2044483 0.3570417 0.2036562 0.3570417 0.3606545 0.2791719 0.3570417 0.2791719 0.4356978 0.0635889 0.4080407 0.1314856 0.3570417 0.1315447 0.2043481 0.1317331 0.1317331 0.2035574 0.2035574 0.4417971 0.0000000 0.2034379 0.3643343 0.2054231 0.2809353 0.1315447 0.0636184 0.4417971 0.1314130 0.5222319 0.2788558 0.2831494 0.2035574 0.4080407 0.2790275 0.2035574 0.0636184 0.2045129 0.4964963 0.2790275 0.2790275 0.4356978 0.2829689 0.0635889 0.3603442 0.3603442 0.4414194 0.2043481 0.2807594 0.2044483 0.2043481 0.1319063 0.4415053 0.1318063 
