138
af_all_100-DW-OBP1-4_h1geneonly  0.0000000 0.0008949 0.0004396 0.0000010 0.0004396 0.0018345 0.0018345 0.0028558 0.0023370 0.0023370 0.0028911 0.0008949 0.0018558 0.0018558 0.0028911 0.0008930 0.0013534 0.0008930 0.0013656 0.0013656 0.0013656 0.0018345 0.0018345 0.0013656 0.0023370 0.0018345 0.0033582 0.0023370 0.0028561 0.0013622 0.0028526 0.0008857 0.0008857 0.0033974 0.0008927 0.0028497 0.0023317 0.0008857 0.0013505 0.0029848 0.0028241 0.0028558 0.0018345 0.0028241 0.0023097 0.0028241 0.0028586 0.0004431 0.0024217 0.0013656 0.0028241 0.0013656 0.0013656 0.0018140 0.0008949 0.0023317 0.0023317 0.0018345 0.0033555 0.0066111 0.0013505 0.0018325 0.0008857 0.0033974 0.0018535 0.0008949 0.0004396 0.0018345 0.0008927 0.0039098 0.0028241 0.0008936 0.0023370 0.0013667 0.0033580 0.0013637 0.0023370 0.0009040 0.0033580 0.0004434 0.0013505 0.0013656 0.0023097 0.0028241 0.0024217 0.0034870 0.0023294 0.0312462 0.0304092 0.0013656 0.0004396 0.0013534 0.0018345 0.0018535 0.0018345 0.0014148 0.0039545 0.0038599 0.0019055 0.0028241 0.0028241 0.0029259 0.0018345 0.0018345 0.0028586 0.0028497 0.0009033 0.0033911 0.0028526 0.0028526 0.0013622 0.0018558 0.0004396 0.0008930 0.0013667 0.0039541 0.0039545 0.0023141 0.0004396 0.0029626 0.0023370 0.0018345 0.0023370 0.0029598 0.0019561 0.0039093 0.0023097 0.0013505 0.0033911 0.0028526 0.0023325 0.0023317 0.0009371 0.0018348 0.0028588 0.0028940 0.0008936 0.0023317 
af_all_100-DW-OBP1-4_h2geneonly  0.0008949 0.0000000 0.0013534 0.0008949 0.0013534 0.0008928 0.0008928 0.0028212 0.0023095 0.0023095 0.0028556 0.0000010 0.0018344 0.0018344 0.0028556 0.0018345 0.0004395 0.0009032 0.0013504 0.0004430 0.0004430 0.0028241 0.0028241 0.0013504 0.0033580 0.0008928 0.0033168 0.0023095 0.0028215 0.0023317 0.0028180 0.0018175 0.0008948 0.0033550 0.0018340 0.0018487 0.0013620 0.0018175 0.0023097 0.0029464 0.0027903 0.0028212 0.0028241 0.0027903 0.0033168 0.0027903 0.0028240 0.0013656 0.0034800 0.0013504 0.0038625 0.0023370 0.0023370 0.0027908 0.0018383 0.0013620 0.0013620 0.0018137 0.0033141 0.0065115 0.0013654 0.0018535 0.0008948 0.0033550 0.0028558 0.0018383 0.0004441 0.0028241 0.0018340 0.0038601 0.0018342 0.0018360 0.0013654 0.0023389 0.0023366 0.0023343 0.0013654 0.0018573 0.0023366 0.0013667 0.0013654 0.0013504 0.0033168 0.0038625 0.0034800 0.0045976 0.0033490 0.0317681 0.0309267 0.0023370 0.0004441 0.0004395 0.0018137 0.0018321 0.0018137 0.0024156 0.0039024 0.0038114 0.0029318 0.0038625 0.0027903 0.0040025 0.0028241 0.0028241 0.0039119 0.0018487 0.0008929 0.0044794 0.0028180 0.0028180 0.0023317 0.0009031 0.0013534 0.0009032 0.0023389 0.0039020 0.0039024 0.0013531 0.0013534 0.0040558 0.0023095 0.0028241 0.0023095 0.0040534 0.0030139 0.0028553 0.0013502 0.0023097 0.0044794 0.0028180 0.0013624 0.0013620 0.0019207 0.0018139 0.0028241 0.0028585 0.0018360 0.0013620 
af_all_101-DW-OBP1-5_h1geneonly  0.0004396 0.0013534 0.0000000 0.0004396 0.0000010 0.0013654 0.0013654 0.0023620 0.0018556 0.0018556 0.0033974 0.0013534 0.0023370 0.0023370 0.0033974 0.0004431 0.0008948 0.0013505 0.0009032 0.0018345 0.0018345 0.0013654 0.0013654 0.0018345 0.0028241 0.0023097 0.0028585 0.0028241 0.0023623 0.0008999 0.0023594 0.0004395 0.0004395 0.0028908 0.0004429 0.0023567 0.0018512 0.0004395 0.0018138 0.0035035 0.0023367 0.0023620 0.0023097 0.0023367 0.0018343 0.0023367 0.0033580 0.0008930 0.0019235 0.0009032 0.0023367 0.0018345 0.0018345 0.0013505 0.0004441 0.0018512 0.0018512 0.0013654 0.0028558 0.0060238 0.0008929 0.0013637 0.0004395 0.0028908 0.0023343 0.0013534 0.0008857 0.0013654 0.0004429 0.0033974 0.0033168 0.0013515 0.0018556 0.0009039 0.0028583 0.0009008 0.0028241 0.0013667 0.0028583 0.0008936 0.0008929 0.0018345 0.0018343 0.0023367 0.0019235 0.0029684 0.0018491 0.0304070 0.0312462 0.0018345 0.0008857 0.0008948 0.0013654 0.0013790 0.0013654 0.0009370 0.0034340 0.0033548 0.0014190 0.0023367 0.0023367 0.0024217 0.0013654 0.0013654 0.0033580 0.0023567 0.0013656 0.0028850 0.0023594 0.0023594 0.0008999 0.0023370 0.0008857 0.0013505 0.0018360 0.0034336 0.0034340 0.0018381 0.0008857 0.0024515 0.0028241 0.0023097 0.0018556 0.0024488 0.0024623 0.0033970 0.0018343 0.0008929 0.0028850 0.0023594 0.0018518 0.0018512 0.0004654 0.0013656 0.0023649 0.0034003 0.0013515 0.0018512 
af_all_101-DW-OBP1-5_h2geneonly  0.0000010 0.0008949 0.0004396 0.0000000 0.0004396 0.0018345 0.0018345 0.0028558 0.0023370 0.0023370 0.0028911 0.0008949 0.0018558 0.0018558 0.0028911 0.0008930 0.0013534 0.0008930 0.0013656 0.0013656 0.0013656 0.0018345 0.0018345 0.0013656 0.0023370 0.0018345 0.0033582 0.0023370 0.0028561 0.0013622 0.0028526 0.0008857 0.0008857 0.0033974 0.0008927 0.0028497 0.0023317 0.0008857 0.0013505 0.0029848 0.0028241 0.0028558 0.0018345 0.0028241 0.0023097 0.0028241 0.0028586 0.0004431 0.0024217 0.0013656 0.0028241 0.0013656 0.0013656 0.0018140 0.0008949 0.0023317 0.0023317 0.0018345 0.0033555 0.0066111 0.0013505 0.0018325 0.0008857 0.0033974 0.0018535 0.0008949 0.0004396 0.0018345 0.0008927 0.0039098 0.0028241 0.0008936 0.0023370 0.0013667 0.0033580 0.0013637 0.0023370 0.0009040 0.0033580 0.0004434 0.0013505 0.0013656 0.0023097 0.0028241 0.0024217 0.0034870 0.0023294 0.0312462 0.0304092 0.0013656 0.0004396 0.0013534 0.0018345 0.0018535 0.0018345 0.0014148 0.0039545 0.0038599 0.0019055 0.0028241 0.0028241 0.0029259 0.0018345 0.0018345 0.0028586 0.0028497 0.0009033 0.0033911 0.0028526 0.0028526 0.0013622 0.0018558 0.0004396 0.0008930 0.0013667 0.0039541 0.0039545 0.0023141 0.0004396 0.0029626 0.0023370 0.0018345 0.0023370 0.0029598 0.0019561 0.0039093 0.0023097 0.0013505 0.0033911 0.0028526 0.0023325 0.0023317 0.0009371 0.0018348 0.0028588 0.0028940 0.0008936 0.0023317 
af_all_102-DW-OBP1-6_h1geneonly  0.0004396 0.0013534 0.0000010 0.0004396 0.0000000 0.0013654 0.0013654 0.0023620 0.0018556 0.0018556 0.0033974 0.0013534 0.0023370 0.0023370 0.0033974 0.0004431 0.0008948 0.0013505 0.0009032 0.0018345 0.0018345 0.0013654 0.0013654 0.0018345 0.0028241 0.0023097 0.0028585 0.0028241 0.0023623 0.0008999 0.0023594 0.0004395 0.0004395 0.0028908 0.0004429 0.0023567 0.0018512 0.0004395 0.0018138 0.0035035 0.0023367 0.0023620 0.0023097 0.0023367 0.0018343 0.0023367 0.0033580 0.0008930 0.0019235 0.0009032 0.0023367 0.0018345 0.0018345 0.0013505 0.0004441 0.0018512 0.0018512 0.0013654 0.0028558 0.0060238 0.0008929 0.0013637 0.0004395 0.0028908 0.0023343 0.0013534 0.0008857 0.0013654 0.0004429 0.0033974 0.0033168 0.0013515 0.0018556 0.0009039 0.0028583 0.0009008 0.0028241 0.0013667 0.0028583 0.0008936 0.0008929 0.0018345 0.0018343 0.0023367 0.0019235 0.0029684 0.0018491 0.0304070 0.0312462 0.0018345 0.0008857 0.0008948 0.0013654 0.0013790 0.0013654 0.0009370 0.0034340 0.0033548 0.0014190 0.0023367 0.0023367 0.0024217 0.0013654 0.0013654 0.0033580 0.0023567 0.0013656 0.0028850 0.0023594 0.0023594 0.0008999 0.0023370 0.0008857 0.0013505 0.0018360 0.0034336 0.0034340 0.0018381 0.0008857 0.0024515 0.0028241 0.0023097 0.0018556 0.0024488 0.0024623 0.0033970 0.0018343 0.0008929 0.0028850 0.0023594 0.0018518 0.0018512 0.0004654 0.0013656 0.0023649 0.0034003 0.0013515 0.0018512 
af_all_105-DW-OBP1-9_h2geneonly  0.0018345 0.0008928 0.0013654 0.0018345 0.0013654 0.0000000 0.0000010 0.0018362 0.0013535 0.0013535 0.0028271 0.0008928 0.0018179 0.0018179 0.0028271 0.0008951 0.0004430 0.0008951 0.0004396 0.0004396 0.0004396 0.0018387 0.0018387 0.0013381 0.0033233 0.0008858 0.0023146 0.0022879 0.0018365 0.0013654 0.0018342 0.0018343 0.0009031 0.0023392 0.0018512 0.0009007 0.0004430 0.0018343 0.0022881 0.0029162 0.0018177 0.0018362 0.0027964 0.0018177 0.0023146 0.0018177 0.0027962 0.0013538 0.0024269 0.0004396 0.0028298 0.0023148 0.0023148 0.0018180 0.0018556 0.0004430 0.0004430 0.0008858 0.0023121 0.0052921 0.0004441 0.0009042 0.0009031 0.0023392 0.0028273 0.0028241 0.0013654 0.0018387 0.0018512 0.0028271 0.0018177 0.0028213 0.0004441 0.0023620 0.0013686 0.0013669 0.0013535 0.0028558 0.0013686 0.0023343 0.0004441 0.0013381 0.0023146 0.0028298 0.0024269 0.0034935 0.0023343 0.0291661 0.0299793 0.0023148 0.0013654 0.0004430 0.0008858 0.0008937 0.0008858 0.0024402 0.0028556 0.0027931 0.0019099 0.0028298 0.0018177 0.0029318 0.0018387 0.0018387 0.0038694 0.0009007 0.0008859 0.0033974 0.0018342 0.0018342 0.0013654 0.0008950 0.0023097 0.0008951 0.0033552 0.0028553 0.0028556 0.0013652 0.0023097 0.0029686 0.0022879 0.0027964 0.0013535 0.0029658 0.0029809 0.0018573 0.0004396 0.0013536 0.0033974 0.0018342 0.0004431 0.0004430 0.0019395 0.0008859 0.0018387 0.0028299 0.0028213 0.0004430 
af_all_109-DW-OBP1-14_h1geneonly 0.0018345 0.0008928 0.0013654 0.0018345 0.0013654 0.0000010 0.0000000 0.0018362 0.0013535 0.0013535 0.0028271 0.0008928 0.0018179 0.0018179 0.0028271 0.0008951 0.0004430 0.0008951 0.0004396 0.0004396 0.0004396 0.0018387 0.0018387 0.0013381 0.0033233 0.0008858 0.0023146 0.0022879 0.0018365 0.0013654 0.0018342 0.0018343 0.0009031 0.0023392 0.0018512 0.0009007 0.0004430 0.0018343 0.0022881 0.0029162 0.0018177 0.0018362 0.0027964 0.0018177 0.0023146 0.0018177 0.0027962 0.0013538 0.0024269 0.0004396 0.0028298 0.0023148 0.0023148 0.0018180 0.0018556 0.0004430 0.0004430 0.0008858 0.0023121 0.0052921 0.0004441 0.0009042 0.0009031 0.0023392 0.0028273 0.0028241 0.0013654 0.0018387 0.0018512 0.0028271 0.0018177 0.0028213 0.0004441 0.0023620 0.0013686 0.0013669 0.0013535 0.0028558 0.0013686 0.0023343 0.0004441 0.0013381 0.0023146 0.0028298 0.0024269 0.0034935 0.0023343 0.0291661 0.0299793 0.0023148 0.0013654 0.0004430 0.0008858 0.0008937 0.0008858 0.0024402 0.0028556 0.0027931 0.0019099 0.0028298 0.0018177 0.0029318 0.0018387 0.0018387 0.0038694 0.0009007 0.0008859 0.0033974 0.0018342 0.0018342 0.0013654 0.0008950 0.0023097 0.0008951 0.0033552 0.0028553 0.0028556 0.0013652 0.0023097 0.0029686 0.0022879 0.0027964 0.0013535 0.0029658 0.0029809 0.0018573 0.0004396 0.0013536 0.0033974 0.0018342 0.0004431 0.0004430 0.0019395 0.0008859 0.0018387 0.0028299 0.0028213 0.0004430 
af_all_109-DW-OBP1-14_h2geneonly 0.0028558 0.0028212 0.0023620 0.0028558 0.0023620 0.0018362 0.0018362 0.0000000 0.0004434 0.0004434 0.0008948 0.0028212 0.0008937 0.0008937 0.0008948 0.0018577 0.0023339 0.0028273 0.0013669 0.0023121 0.0023121 0.0009040 0.0009040 0.0013669 0.0044345 0.0018362 0.0013667 0.0013516 0.0009027 0.0023620 0.0009006 0.0028555 0.0028555 0.0004440 0.0028846 0.0018340 0.0023339 0.0028555 0.0023393 0.0019184 0.0008936 0.0000010 0.0038668 0.0008936 0.0033614 0.0008936 0.0018361 0.0023396 0.0035295 0.0013669 0.0039159 0.0013669 0.0013669 0.0028273 0.0028908 0.0023339 0.0023339 0.0018362 0.0013649 0.0030127 0.0023393 0.0028590 0.0028555 0.0004440 0.0008949 0.0018531 0.0033552 0.0028615 0.0028846 0.0008948 0.0018153 0.0028238 0.0013516 0.0023644 0.0013666 0.0013686 0.0013516 0.0028583 0.0013666 0.0023367 0.0023393 0.0013669 0.0033614 0.0039159 0.0035295 0.0046659 0.0033946 0.0339947 0.0348646 0.0033618 0.0033552 0.0023339 0.0018362 0.0008949 0.0018362 0.0035463 0.0018724 0.0008855 0.0029719 0.0018573 0.0008936 0.0040603 0.0028615 0.0028615 0.0028614 0.0018340 0.0018365 0.0045448 0.0009006 0.0009006 0.0023620 0.0028271 0.0033552 0.0028273 0.0033576 0.0009028 0.0018724 0.0013632 0.0023620 0.0041152 0.0013516 0.0038668 0.0023392 0.0041129 0.0029845 0.0008947 0.0023118 0.0023393 0.0045448 0.0009006 0.0023346 0.0023339 0.0030201 0.0018365 0.0009040 0.0018574 0.0028238 0.0023339 
af_all_10-DW-Tar5_h1geneonly     0.0023370 0.0023095 0.0018556 0.0023370 0.0018556 0.0013535 0.0013535 0.0004434 0.0000000 0.0000010 0.0013668 0.0023095 0.0004396 0.0004396 0.0013668 0.0013688 0.0018342 0.0023148 0.0008950 0.0018179 0.0018179 0.0004441 0.0004441 0.0008950 0.0038694 0.0013535 0.0008949 0.0008857 0.0004435 0.0018556 0.0004430 0.0023367 0.0023367 0.0009039 0.0023594 0.0023339 0.0018342 0.0023367 0.0018387 0.0014149 0.0004396 0.0004434 0.0033233 0.0004396 0.0028298 0.0004396 0.0013535 0.0018389 0.0029684 0.0008950 0.0033642 0.0008950 0.0008950 0.0023148 0.0023647 0.0018342 0.0018342 0.0013535 0.0008937 0.0035830 0.0018387 0.0023396 0.0023367 0.0009039 0.0013669 0.0013654 0.0028241 0.0023420 0.0023594 0.0013668 0.0013379 0.0033552 0.0008857 0.0028908 0.0008948 0.0018577 0.0008857 0.0033974 0.0008948 0.0028558 0.0018387 0.0008950 0.0028298 0.0033642 0.0029684 0.0040698 0.0028558 0.0321280 0.0329613 0.0028301 0.0028241 0.0018342 0.0013535 0.0013669 0.0013535 0.0029845 0.0013789 0.0013514 0.0024325 0.0013686 0.0004396 0.0034870 0.0023420 0.0023420 0.0023418 0.0023339 0.0013537 0.0039613 0.0004430 0.0004430 0.0018556 0.0023147 0.0028241 0.0023148 0.0039093 0.0013787 0.0013789 0.0008927 0.0018556 0.0035326 0.0008857 0.0033233 0.0018385 0.0035299 0.0035467 0.0013666 0.0018177 0.0018387 0.0039613 0.0004430 0.0018348 0.0018342 0.0024705 0.0013537 0.0004441 0.0013687 0.0033552 0.0018342 
af_all_10-DW-Tar5_h2geneonly     0.0023370 0.0023095 0.0018556 0.0023370 0.0018556 0.0013535 0.0013535 0.0004434 0.0000010 0.0000000 0.0013668 0.0023095 0.0004396 0.0004396 0.0013668 0.0013688 0.0018342 0.0023148 0.0008950 0.0018179 0.0018179 0.0004441 0.0004441 0.0008950 0.0038694 0.0013535 0.0008949 0.0008857 0.0004435 0.0018556 0.0004430 0.0023367 0.0023367 0.0009039 0.0023594 0.0023339 0.0018342 0.0023367 0.0018387 0.0014149 0.0004396 0.0004434 0.0033233 0.0004396 0.0028298 0.0004396 0.0013535 0.0018389 0.0029684 0.0008950 0.0033642 0.0008950 0.0008950 0.0023148 0.0023647 0.0018342 0.0018342 0.0013535 0.0008937 0.0035830 0.0018387 0.0023396 0.0023367 0.0009039 0.0013669 0.0013654 0.0028241 0.0023420 0.0023594 0.0013668 0.0013379 0.0033552 0.0008857 0.0028908 0.0008948 0.0018577 0.0008857 0.0033974 0.0008948 0.0028558 0.0018387 0.0008950 0.0028298 0.0033642 0.0029684 0.0040698 0.0028558 0.0321280 0.0329613 0.0028301 0.0028241 0.0018342 0.0013535 0.0013669 0.0013535 0.0029845 0.0013789 0.0013514 0.0024325 0.0013686 0.0004396 0.0034870 0.0023420 0.0023420 0.0023418 0.0023339 0.0013537 0.0039613 0.0004430 0.0004430 0.0018556 0.0023147 0.0028241 0.0023148 0.0039093 0.0013787 0.0013789 0.0008927 0.0018556 0.0035326 0.0008857 0.0033233 0.0018385 0.0035299 0.0035467 0.0013666 0.0018177 0.0018387 0.0039613 0.0004430 0.0018348 0.0018342 0.0024705 0.0013537 0.0004441 0.0013687 0.0033552 0.0018342 
af_all_116-DW-AnB-1_h2geneonly   0.0028911 0.0028556 0.0033974 0.0028911 0.0033974 0.0028271 0.0028271 0.0008948 0.0013668 0.0013668 0.0000000 0.0028556 0.0009041 0.0009041 0.0000010 0.0028619 0.0033550 0.0028619 0.0023395 0.0023395 0.0023395 0.0018575 0.0018575 0.0013824 0.0044935 0.0018575 0.0023392 0.0013668 0.0018553 0.0033974 0.0018530 0.0039093 0.0039093 0.0004395 0.0039541 0.0028236 0.0033550 0.0039093 0.0023674 0.0019415 0.0018361 0.0008948 0.0039163 0.0018361 0.0044345 0.0018361 0.0018574 0.0023677 0.0046590 0.0023395 0.0050229 0.0013824 0.0013824 0.0038673 0.0028556 0.0033550 0.0033550 0.0028271 0.0023367 0.0041251 0.0033618 0.0039142 0.0039093 0.0004395 0.0009053 0.0018749 0.0033974 0.0039163 0.0039541 0.0008857 0.0018361 0.0028583 0.0023119 0.0023366 0.0013515 0.0023420 0.0013668 0.0018555 0.0013515 0.0023647 0.0033618 0.0013824 0.0044345 0.0050229 0.0046590 0.0058480 0.0044846 0.0362919 0.0354077 0.0034042 0.0033974 0.0033550 0.0028271 0.0018385 0.0028271 0.0046780 0.0028879 0.0018173 0.0040677 0.0028614 0.0018361 0.0052074 0.0039163 0.0039163 0.0028968 0.0028236 0.0018578 0.0057065 0.0018530 0.0018530 0.0033974 0.0028617 0.0033974 0.0028619 0.0023366 0.0008926 0.0028879 0.0023338 0.0023907 0.0052813 0.0013668 0.0039163 0.0033616 0.0052806 0.0030231 0.0008856 0.0033203 0.0033618 0.0057065 0.0018530 0.0033559 0.0033550 0.0041337 0.0028275 0.0018575 0.0009040 0.0028583 0.0033550 
af_all_119-DW-AnB-4_h2geneonly   0.0008949 0.0000010 0.0013534 0.0008949 0.0013534 0.0008928 0.0008928 0.0028212 0.0023095 0.0023095 0.0028556 0.0000000 0.0018344 0.0018344 0.0028556 0.0018345 0.0004395 0.0009032 0.0013504 0.0004430 0.0004430 0.0028241 0.0028241 0.0013504 0.0033580 0.0008928 0.0033168 0.0023095 0.0028215 0.0023317 0.0028180 0.0018175 0.0008948 0.0033550 0.0018340 0.0018487 0.0013620 0.0018175 0.0023097 0.0029464 0.0027903 0.0028212 0.0028241 0.0027903 0.0033168 0.0027903 0.0028240 0.0013656 0.0034800 0.0013504 0.0038625 0.0023370 0.0023370 0.0027908 0.0018383 0.0013620 0.0013620 0.0018137 0.0033141 0.0065115 0.0013654 0.0018535 0.0008948 0.0033550 0.0028558 0.0018383 0.0004441 0.0028241 0.0018340 0.0038601 0.0018342 0.0018360 0.0013654 0.0023389 0.0023366 0.0023343 0.0013654 0.0018573 0.0023366 0.0013667 0.0013654 0.0013504 0.0033168 0.0038625 0.0034800 0.0045976 0.0033490 0.0317681 0.0309267 0.0023370 0.0004441 0.0004395 0.0018137 0.0018321 0.0018137 0.0024156 0.0039024 0.0038114 0.0029318 0.0038625 0.0027903 0.0040025 0.0028241 0.0028241 0.0039119 0.0018487 0.0008929 0.0044794 0.0028180 0.0028180 0.0023317 0.0009031 0.0013534 0.0009032 0.0023389 0.0039020 0.0039024 0.0013531 0.0013534 0.0040558 0.0023095 0.0028241 0.0023095 0.0040534 0.0030139 0.0028553 0.0013502 0.0023097 0.0044794 0.0028180 0.0013624 0.0013620 0.0019207 0.0018139 0.0028241 0.0028585 0.0018360 0.0013620 
af_all_120-DW-AnB-5_h1geneonly   0.0018558 0.0018344 0.0023370 0.0018558 0.0023370 0.0018179 0.0018179 0.0008937 0.0004396 0.0004396 0.0009041 0.0018344 0.0000000 0.0000010 0.0009041 0.0018389 0.0023095 0.0018389 0.0013537 0.0013537 0.0013537 0.0008950 0.0008950 0.0004442 0.0033646 0.0008950 0.0013535 0.0004396 0.0008938 0.0023370 0.0008928 0.0028241 0.0028241 0.0013668 0.0028526 0.0028212 0.0023095 0.0028241 0.0013688 0.0009372 0.0008857 0.0008937 0.0028301 0.0008857 0.0033233 0.0008857 0.0008950 0.0013690 0.0034870 0.0013537 0.0038694 0.0004442 0.0004442 0.0027967 0.0028586 0.0023095 0.0023095 0.0018179 0.0013518 0.0041230 0.0023148 0.0028276 0.0028241 0.0013668 0.0009041 0.0009031 0.0023370 0.0028301 0.0028526 0.0018363 0.0008857 0.0028558 0.0013381 0.0033974 0.0013535 0.0023396 0.0004396 0.0028911 0.0013535 0.0023623 0.0023148 0.0004442 0.0033233 0.0038694 0.0034870 0.0046050 0.0033556 0.0329613 0.0321301 0.0023423 0.0023370 0.0023095 0.0018179 0.0018365 0.0018179 0.0035035 0.0018533 0.0018153 0.0029381 0.0018385 0.0008857 0.0040098 0.0028301 0.0028301 0.0018599 0.0028212 0.0008951 0.0044868 0.0008928 0.0008928 0.0023370 0.0018388 0.0023370 0.0018389 0.0033974 0.0018530 0.0018533 0.0013501 0.0013809 0.0040632 0.0004396 0.0028301 0.0023147 0.0040608 0.0030205 0.0018361 0.0022879 0.0023148 0.0044868 0.0008928 0.0023102 0.0023095 0.0029848 0.0018181 0.0008950 0.0009054 0.0028558 0.0023095 
af_all_120-DW-AnB-5_h2geneonly   0.0018558 0.0018344 0.0023370 0.0018558 0.0023370 0.0018179 0.0018179 0.0008937 0.0004396 0.0004396 0.0009041 0.0018344 0.0000010 0.0000000 0.0009041 0.0018389 0.0023095 0.0018389 0.0013537 0.0013537 0.0013537 0.0008950 0.0008950 0.0004442 0.0033646 0.0008950 0.0013535 0.0004396 0.0008938 0.0023370 0.0008928 0.0028241 0.0028241 0.0013668 0.0028526 0.0028212 0.0023095 0.0028241 0.0013688 0.0009372 0.0008857 0.0008937 0.0028301 0.0008857 0.0033233 0.0008857 0.0008950 0.0013690 0.0034870 0.0013537 0.0038694 0.0004442 0.0004442 0.0027967 0.0028586 0.0023095 0.0023095 0.0018179 0.0013518 0.0041230 0.0023148 0.0028276 0.0028241 0.0013668 0.0009041 0.0009031 0.0023370 0.0028301 0.0028526 0.0018363 0.0008857 0.0028558 0.0013381 0.0033974 0.0013535 0.0023396 0.0004396 0.0028911 0.0013535 0.0023623 0.0023148 0.0004442 0.0033233 0.0038694 0.0034870 0.0046050 0.0033556 0.0329613 0.0321301 0.0023423 0.0023370 0.0023095 0.0018179 0.0018365 0.0018179 0.0035035 0.0018533 0.0018153 0.0029381 0.0018385 0.0008857 0.0040098 0.0028301 0.0028301 0.0018599 0.0028212 0.0008951 0.0044868 0.0008928 0.0008928 0.0023370 0.0018388 0.0023370 0.0018389 0.0033974 0.0018530 0.0018533 0.0013501 0.0013809 0.0040632 0.0004396 0.0028301 0.0023147 0.0040608 0.0030205 0.0018361 0.0022879 0.0023148 0.0044868 0.0008928 0.0023102 0.0023095 0.0029848 0.0018181 0.0008950 0.0009054 0.0028558 0.0023095 
af_all_127-DW-AnB-12_h2geneonly  0.0028911 0.0028556 0.0033974 0.0028911 0.0033974 0.0028271 0.0028271 0.0008948 0.0013668 0.0013668 0.0000010 0.0028556 0.0009041 0.0009041 0.0000000 0.0028619 0.0033550 0.0028619 0.0023395 0.0023395 0.0023395 0.0018575 0.0018575 0.0013824 0.0044935 0.0018575 0.0023392 0.0013668 0.0018553 0.0033974 0.0018530 0.0039093 0.0039093 0.0004395 0.0039541 0.0028236 0.0033550 0.0039093 0.0023674 0.0019415 0.0018361 0.0008948 0.0039163 0.0018361 0.0044345 0.0018361 0.0018574 0.0023677 0.0046590 0.0023395 0.0050229 0.0013824 0.0013824 0.0038673 0.0028556 0.0033550 0.0033550 0.0028271 0.0023367 0.0041251 0.0033618 0.0039142 0.0039093 0.0004395 0.0009053 0.0018749 0.0033974 0.0039163 0.0039541 0.0008857 0.0018361 0.0028583 0.0023119 0.0023366 0.0013515 0.0023420 0.0013668 0.0018555 0.0013515 0.0023647 0.0033618 0.0013824 0.0044345 0.0050229 0.0046590 0.0058480 0.0044846 0.0362919 0.0354077 0.0034042 0.0033974 0.0033550 0.0028271 0.0018385 0.0028271 0.0046780 0.0028879 0.0018173 0.0040677 0.0028614 0.0018361 0.0052074 0.0039163 0.0039163 0.0028968 0.0028236 0.0018578 0.0057065 0.0018530 0.0018530 0.0033974 0.0028617 0.0033974 0.0028619 0.0023366 0.0008926 0.0028879 0.0023338 0.0023907 0.0052813 0.0013668 0.0039163 0.0033616 0.0052806 0.0030231 0.0008856 0.0033203 0.0033618 0.0057065 0.0018530 0.0033559 0.0033550 0.0041337 0.0028275 0.0018575 0.0009040 0.0028583 0.0033550 
af_all_140-DW-NeA-49_h2geneonly  0.0008930 0.0018345 0.0004431 0.0008930 0.0004431 0.0008951 0.0008951 0.0018577 0.0013688 0.0013688 0.0028619 0.0018345 0.0018389 0.0018389 0.0028619 0.0000000 0.0013654 0.0008859 0.0004442 0.0013538 0.0013538 0.0008951 0.0008951 0.0013538 0.0023148 0.0018180 0.0023421 0.0023148 0.0018579 0.0004431 0.0018556 0.0008929 0.0008929 0.0023674 0.0008999 0.0018532 0.0013654 0.0008929 0.0013382 0.0029529 0.0018387 0.0018577 0.0018180 0.0018387 0.0013536 0.0018387 0.0028301 0.0004397 0.0014190 0.0004442 0.0018387 0.0013538 0.0013538 0.0008859 0.0009032 0.0013654 0.0013654 0.0008951 0.0023396 0.0053694 0.0004397 0.0008939 0.0008929 0.0023674 0.0018366 0.0018345 0.0013505 0.0008951 0.0008999 0.0028619 0.0027964 0.0018322 0.0013688 0.0013790 0.0023420 0.0004435 0.0023148 0.0018535 0.0023420 0.0013637 0.0004397 0.0013538 0.0013536 0.0018387 0.0014190 0.0024325 0.0013637 0.0286712 0.0294801 0.0013538 0.0013505 0.0013654 0.0008951 0.0009042 0.0008951 0.0014280 0.0028911 0.0028270 0.0009310 0.0018387 0.0018387 0.0019055 0.0008951 0.0008951 0.0028301 0.0018532 0.0008952 0.0023623 0.0018556 0.0018556 0.0004431 0.0018389 0.0013505 0.0008859 0.0023343 0.0028908 0.0028911 0.0023367 0.0013505 0.0019283 0.0023148 0.0018180 0.0013688 0.0019259 0.0019373 0.0028615 0.0013536 0.0004397 0.0023623 0.0018556 0.0013659 0.0013654 0.0009455 0.0008952 0.0018601 0.0028647 0.0018322 0.0013654 
af_all_142-DW-NeA-51_h2geneonly  0.0013534 0.0004395 0.0008948 0.0013534 0.0008948 0.0004430 0.0004430 0.0023339 0.0018342 0.0018342 0.0033550 0.0004395 0.0023095 0.0023095 0.0033550 0.0013654 0.0000000 0.0013654 0.0008928 0.0008928 0.0008928 0.0023367 0.0023367 0.0018137 0.0038625 0.0013502 0.0028238 0.0027903 0.0023342 0.0018512 0.0023313 0.0013532 0.0004440 0.0028553 0.0013650 0.0013753 0.0008998 0.0013532 0.0027905 0.0034584 0.0023092 0.0023339 0.0033168 0.0023092 0.0028238 0.0023092 0.0033166 0.0018345 0.0029620 0.0008928 0.0033576 0.0028241 0.0028241 0.0023097 0.0013684 0.0008998 0.0008998 0.0013502 0.0028212 0.0059342 0.0009031 0.0013790 0.0004440 0.0028553 0.0033552 0.0023141 0.0008948 0.0023367 0.0013650 0.0033550 0.0023092 0.0023115 0.0009030 0.0018571 0.0018553 0.0018532 0.0018342 0.0023389 0.0018553 0.0018360 0.0009031 0.0018137 0.0028238 0.0033576 0.0029620 0.0040624 0.0028497 0.0309246 0.0317681 0.0028241 0.0008948 0.0000010 0.0013502 0.0013635 0.0013502 0.0019205 0.0033905 0.0033134 0.0024269 0.0033576 0.0023092 0.0034800 0.0023367 0.0023367 0.0044295 0.0013753 0.0013504 0.0039541 0.0023313 0.0023313 0.0018512 0.0013654 0.0018175 0.0013654 0.0028265 0.0033901 0.0033905 0.0008946 0.0018175 0.0035255 0.0027903 0.0033168 0.0018342 0.0035228 0.0035396 0.0023616 0.0008927 0.0018343 0.0039541 0.0023313 0.0009001 0.0008998 0.0014312 0.0013504 0.0023367 0.0033578 0.0023115 0.0008998 
af_all_143-DW-NeA-52_h1geneonly  0.0008930 0.0009032 0.0013505 0.0008930 0.0013505 0.0008951 0.0008951 0.0028273 0.0023148 0.0023148 0.0028619 0.0009032 0.0018389 0.0018389 0.0028619 0.0008859 0.0013654 0.0000000 0.0013538 0.0004442 0.0004442 0.0018180 0.0018180 0.0013538 0.0023148 0.0008951 0.0033235 0.0023148 0.0028276 0.0013505 0.0028241 0.0018138 0.0008929 0.0033618 0.0018302 0.0018532 0.0013654 0.0018138 0.0013382 0.0029529 0.0027964 0.0028273 0.0018180 0.0027964 0.0022881 0.0027964 0.0028301 0.0004397 0.0023979 0.0013538 0.0027964 0.0013538 0.0013538 0.0017979 0.0018345 0.0013654 0.0013654 0.0018180 0.0033208 0.0065176 0.0004397 0.0008939 0.0008929 0.0033618 0.0018366 0.0018345 0.0004431 0.0018180 0.0018302 0.0038673 0.0018387 0.0018322 0.0013688 0.0023343 0.0023420 0.0013519 0.0013688 0.0018535 0.0023420 0.0013637 0.0004397 0.0013538 0.0022881 0.0027964 0.0023979 0.0034484 0.0023073 0.0286712 0.0278664 0.0013538 0.0004431 0.0013654 0.0018180 0.0018366 0.0018180 0.0024109 0.0039097 0.0038185 0.0018877 0.0027964 0.0027964 0.0028961 0.0018180 0.0018180 0.0028301 0.0018532 0.0008952 0.0033556 0.0028241 0.0028241 0.0013505 0.0009055 0.0013505 0.0000010 0.0023343 0.0039093 0.0039097 0.0023367 0.0013505 0.0029320 0.0023148 0.0018180 0.0023148 0.0029292 0.0019373 0.0028615 0.0013536 0.0013382 0.0033556 0.0028241 0.0013659 0.0013654 0.0019167 0.0018182 0.0028303 0.0028647 0.0018322 0.0013654 
af_all_145-DW-NeA-54_h1geneonly  0.0013656 0.0013504 0.0009032 0.0013656 0.0009032 0.0004396 0.0004396 0.0013669 0.0008950 0.0008950 0.0023395 0.0013504 0.0013537 0.0013537 0.0023395 0.0004442 0.0008928 0.0013538 0.0000000 0.0008859 0.0008859 0.0013688 0.0013688 0.0008859 0.0028301 0.0013381 0.0018387 0.0018179 0.0013670 0.0009032 0.0013654 0.0013654 0.0013654 0.0018575 0.0013775 0.0013635 0.0008928 0.0013654 0.0018180 0.0024162 0.0013535 0.0013669 0.0023148 0.0013535 0.0018387 0.0013535 0.0023147 0.0008952 0.0019282 0.0000010 0.0023420 0.0018389 0.0018389 0.0013538 0.0013809 0.0008928 0.0008928 0.0004396 0.0018365 0.0047337 0.0008951 0.0013671 0.0013654 0.0018575 0.0023396 0.0023370 0.0018345 0.0013688 0.0013775 0.0023395 0.0022879 0.0023343 0.0008950 0.0018750 0.0018385 0.0009042 0.0018179 0.0023623 0.0018385 0.0018535 0.0008951 0.0008859 0.0018387 0.0023420 0.0019282 0.0029748 0.0018535 0.0299793 0.0307962 0.0018389 0.0018345 0.0008928 0.0004396 0.0004435 0.0004396 0.0019395 0.0023622 0.0023118 0.0014226 0.0023420 0.0013535 0.0024272 0.0013688 0.0013688 0.0033646 0.0013635 0.0004397 0.0028911 0.0013654 0.0013654 0.0009032 0.0013537 0.0018345 0.0013538 0.0028558 0.0023619 0.0023622 0.0018342 0.0018345 0.0024571 0.0018179 0.0023148 0.0008950 0.0024545 0.0024680 0.0023392 0.0008858 0.0008951 0.0028911 0.0013654 0.0008931 0.0008928 0.0014449 0.0004397 0.0013688 0.0023421 0.0023343 0.0008928 
af_all_146-DW-NeA-55_h1geneonly  0.0013656 0.0004430 0.0018345 0.0013656 0.0018345 0.0004396 0.0004396 0.0023121 0.0018179 0.0018179 0.0023395 0.0004430 0.0013537 0.0013537 0.0023395 0.0013538 0.0008928 0.0004442 0.0008859 0.0000000 0.0000010 0.0023148 0.0023148 0.0008859 0.0028301 0.0004396 0.0027964 0.0018179 0.0023124 0.0018345 0.0023095 0.0023097 0.0013654 0.0028271 0.0023317 0.0013635 0.0008928 0.0023097 0.0018180 0.0024162 0.0022879 0.0023121 0.0023148 0.0022879 0.0027964 0.0022879 0.0023147 0.0008952 0.0029318 0.0008859 0.0033233 0.0018389 0.0018389 0.0022883 0.0023370 0.0008928 0.0008928 0.0013381 0.0027937 0.0058553 0.0008951 0.0013671 0.0013654 0.0028271 0.0023396 0.0023370 0.0009032 0.0023148 0.0023317 0.0033206 0.0013535 0.0023343 0.0008950 0.0028558 0.0018385 0.0018366 0.0008950 0.0023623 0.0018385 0.0018535 0.0008951 0.0008859 0.0027964 0.0033233 0.0029318 0.0040166 0.0028217 0.0299793 0.0291682 0.0018389 0.0009032 0.0008928 0.0013381 0.0013519 0.0013381 0.0029466 0.0033553 0.0032800 0.0024033 0.0033233 0.0022879 0.0034420 0.0023148 0.0023148 0.0033646 0.0013635 0.0004397 0.0039098 0.0023095 0.0023095 0.0018345 0.0004442 0.0018345 0.0004442 0.0028558 0.0033550 0.0033553 0.0018342 0.0018345 0.0034872 0.0018179 0.0023148 0.0018179 0.0034845 0.0024680 0.0023392 0.0008858 0.0018180 0.0039098 0.0023095 0.0008931 0.0008928 0.0024405 0.0013383 0.0023148 0.0023421 0.0023343 0.0008928 
af_all_146-DW-NeA-55_h2geneonly  0.0013656 0.0004430 0.0018345 0.0013656 0.0018345 0.0004396 0.0004396 0.0023121 0.0018179 0.0018179 0.0023395 0.0004430 0.0013537 0.0013537 0.0023395 0.0013538 0.0008928 0.0004442 0.0008859 0.0000010 0.0000000 0.0023148 0.0023148 0.0008859 0.0028301 0.0004396 0.0027964 0.0018179 0.0023124 0.0018345 0.0023095 0.0023097 0.0013654 0.0028271 0.0023317 0.0013635 0.0008928 0.0023097 0.0018180 0.0024162 0.0022879 0.0023121 0.0023148 0.0022879 0.0027964 0.0022879 0.0023147 0.0008952 0.0029318 0.0008859 0.0033233 0.0018389 0.0018389 0.0022883 0.0023370 0.0008928 0.0008928 0.0013381 0.0027937 0.0058553 0.0008951 0.0013671 0.0013654 0.0028271 0.0023396 0.0023370 0.0009032 0.0023148 0.0023317 0.0033206 0.0013535 0.0023343 0.0008950 0.0028558 0.0018385 0.0018366 0.0008950 0.0023623 0.0018385 0.0018535 0.0008951 0.0008859 0.0027964 0.0033233 0.0029318 0.0040166 0.0028217 0.0299793 0.0291682 0.0018389 0.0009032 0.0008928 0.0013381 0.0013519 0.0013381 0.0029466 0.0033553 0.0032800 0.0024033 0.0033233 0.0022879 0.0034420 0.0023148 0.0023148 0.0033646 0.0013635 0.0004397 0.0039098 0.0023095 0.0023095 0.0018345 0.0004442 0.0018345 0.0004442 0.0028558 0.0033550 0.0033553 0.0018342 0.0018345 0.0034872 0.0018179 0.0023148 0.0018179 0.0034845 0.0024680 0.0023392 0.0008858 0.0018180 0.0039098 0.0023095 0.0008931 0.0008928 0.0024405 0.0013383 0.0023148 0.0023421 0.0023343 0.0008928 
af_all_14-DW-Tar10_h1geneonly    0.0018345 0.0028241 0.0013654 0.0018345 0.0013654 0.0018387 0.0018387 0.0009040 0.0004441 0.0004441 0.0018575 0.0028241 0.0008950 0.0008950 0.0018575 0.0008951 0.0023367 0.0018180 0.0013688 0.0023148 0.0023148 0.0000000 0.0000010 0.0013688 0.0033233 0.0018387 0.0013687 0.0013535 0.0009041 0.0013654 0.0009030 0.0018343 0.0018343 0.0013822 0.0018512 0.0028555 0.0023367 0.0018343 0.0013536 0.0019210 0.0008949 0.0009040 0.0027964 0.0008949 0.0023146 0.0008949 0.0018385 0.0013538 0.0024269 0.0013688 0.0028298 0.0004396 0.0004396 0.0018180 0.0018556 0.0023367 0.0023367 0.0018387 0.0013669 0.0041798 0.0013536 0.0018366 0.0018343 0.0013822 0.0008937 0.0008928 0.0023097 0.0018387 0.0018512 0.0018575 0.0018177 0.0028213 0.0013535 0.0023620 0.0013686 0.0013669 0.0013535 0.0028558 0.0013686 0.0023343 0.0013536 0.0013688 0.0023146 0.0028298 0.0024269 0.0034935 0.0023343 0.0307941 0.0316161 0.0023148 0.0023097 0.0023367 0.0018387 0.0018577 0.0018387 0.0024402 0.0018749 0.0018360 0.0019099 0.0008949 0.0008949 0.0029318 0.0018387 0.0018387 0.0018385 0.0028555 0.0018389 0.0033974 0.0009030 0.0009030 0.0013654 0.0028301 0.0023097 0.0018180 0.0033552 0.0018746 0.0018749 0.0013652 0.0013654 0.0029686 0.0013535 0.0027964 0.0023420 0.0029658 0.0029809 0.0018573 0.0023146 0.0013536 0.0033974 0.0009030 0.0023374 0.0023367 0.0019395 0.0018389 0.0009054 0.0018599 0.0028213 0.0023367 
af_all_14-DW-Tar10_h2geneonly    0.0018345 0.0028241 0.0013654 0.0018345 0.0013654 0.0018387 0.0018387 0.0009040 0.0004441 0.0004441 0.0018575 0.0028241 0.0008950 0.0008950 0.0018575 0.0008951 0.0023367 0.0018180 0.0013688 0.0023148 0.0023148 0.0000010 0.0000000 0.0013688 0.0033233 0.0018387 0.0013687 0.0013535 0.0009041 0.0013654 0.0009030 0.0018343 0.0018343 0.0013822 0.0018512 0.0028555 0.0023367 0.0018343 0.0013536 0.0019210 0.0008949 0.0009040 0.0027964 0.0008949 0.0023146 0.0008949 0.0018385 0.0013538 0.0024269 0.0013688 0.0028298 0.0004396 0.0004396 0.0018180 0.0018556 0.0023367 0.0023367 0.0018387 0.0013669 0.0041798 0.0013536 0.0018366 0.0018343 0.0013822 0.0008937 0.0008928 0.0023097 0.0018387 0.0018512 0.0018575 0.0018177 0.0028213 0.0013535 0.0023620 0.0013686 0.0013669 0.0013535 0.0028558 0.0013686 0.0023343 0.0013536 0.0013688 0.0023146 0.0028298 0.0024269 0.0034935 0.0023343 0.0307941 0.0316161 0.0023148 0.0023097 0.0023367 0.0018387 0.0018577 0.0018387 0.0024402 0.0018749 0.0018360 0.0019099 0.0008949 0.0008949 0.0029318 0.0018387 0.0018387 0.0018385 0.0028555 0.0018389 0.0033974 0.0009030 0.0009030 0.0013654 0.0028301 0.0023097 0.0018180 0.0033552 0.0018746 0.0018749 0.0013652 0.0013654 0.0029686 0.0013535 0.0027964 0.0023420 0.0029658 0.0029809 0.0018573 0.0023146 0.0013536 0.0033974 0.0009030 0.0023374 0.0023367 0.0019395 0.0018389 0.0009054 0.0018599 0.0028213 0.0023367 
af_all_150-DW-AnB-51_h1geneonly  0.0013656 0.0013504 0.0018345 0.0013656 0.0018345 0.0013381 0.0013381 0.0013669 0.0008950 0.0008950 0.0013824 0.0013504 0.0004442 0.0004442 0.0013824 0.0013538 0.0018137 0.0013538 0.0008859 0.0008859 0.0008859 0.0013688 0.0013688 0.0000000 0.0028301 0.0004396 0.0018387 0.0008950 0.0013670 0.0018345 0.0013654 0.0023097 0.0023097 0.0018575 0.0023317 0.0023069 0.0018137 0.0023097 0.0008951 0.0014315 0.0013535 0.0013669 0.0023148 0.0013535 0.0027964 0.0013535 0.0013688 0.0008952 0.0029318 0.0008859 0.0033233 0.0009055 0.0009055 0.0022883 0.0023370 0.0018137 0.0018137 0.0013381 0.0018365 0.0047337 0.0018180 0.0023125 0.0023097 0.0018575 0.0013825 0.0013809 0.0018345 0.0023148 0.0023317 0.0023395 0.0013535 0.0023343 0.0018179 0.0028558 0.0018385 0.0018366 0.0008950 0.0023623 0.0018385 0.0018535 0.0018180 0.0000010 0.0027964 0.0033233 0.0029318 0.0040166 0.0028217 0.0316161 0.0307962 0.0018389 0.0018345 0.0018137 0.0013381 0.0013519 0.0013381 0.0029466 0.0023622 0.0023118 0.0024033 0.0023420 0.0013535 0.0034420 0.0023148 0.0023148 0.0023701 0.0023069 0.0004397 0.0039098 0.0013654 0.0013654 0.0018345 0.0013537 0.0018345 0.0013538 0.0028558 0.0023619 0.0023622 0.0018342 0.0009032 0.0034872 0.0008950 0.0023148 0.0018179 0.0034845 0.0024680 0.0023392 0.0017975 0.0018180 0.0039098 0.0013654 0.0018142 0.0018137 0.0024405 0.0013383 0.0013688 0.0013843 0.0023343 0.0018137 
af_all_150-DW-AnB-51_h2geneonly  0.0023370 0.0033580 0.0028241 0.0023370 0.0028241 0.0033233 0.0033233 0.0044345 0.0038694 0.0038694 0.0044935 0.0033580 0.0033646 0.0033646 0.0044935 0.0023148 0.0038625 0.0023148 0.0028301 0.0028301 0.0028301 0.0033233 0.0033233 0.0028301 0.0000000 0.0033233 0.0049578 0.0038694 0.0044350 0.0028241 0.0044295 0.0033168 0.0033168 0.0050229 0.0033514 0.0044273 0.0038625 0.0033168 0.0018387 0.0035563 0.0033642 0.0044345 0.0004441 0.0033642 0.0008949 0.0033642 0.0023418 0.0018389 0.0029684 0.0028301 0.0004396 0.0028301 0.0028301 0.0032833 0.0033580 0.0038625 0.0038625 0.0033233 0.0049564 0.0085207 0.0027964 0.0033208 0.0033168 0.0050229 0.0033618 0.0033580 0.0028241 0.0033233 0.0033514 0.0055565 0.0043785 0.0033552 0.0038694 0.0039093 0.0049575 0.0028273 0.0038694 0.0033974 0.0049575 0.0028558 0.0027964 0.0028301 0.0008949 0.0004396 0.0029684 0.0009307 0.0038603 0.0338008 0.0329613 0.0008950 0.0028241 0.0038625 0.0033233 0.0033618 0.0033233 0.0040269 0.0056268 0.0054809 0.0024325 0.0023144 0.0043785 0.0034870 0.0013535 0.0013535 0.0013535 0.0044273 0.0023423 0.0050163 0.0044295 0.0044295 0.0028241 0.0033646 0.0028241 0.0023148 0.0039093 0.0056263 0.0056268 0.0049504 0.0028241 0.0035326 0.0028644 0.0004441 0.0038694 0.0045961 0.0035467 0.0055559 0.0038211 0.0027964 0.0050163 0.0044295 0.0038636 0.0038625 0.0035035 0.0033236 0.0044370 0.0044957 0.0033552 0.0038625 
af_all_151-DW-AnB-53_h2geneonly  0.0018345 0.0008928 0.0023097 0.0018345 0.0023097 0.0008858 0.0008858 0.0018362 0.0013535 0.0013535 0.0018575 0.0008928 0.0008950 0.0008950 0.0018575 0.0018180 0.0013502 0.0008951 0.0013381 0.0004396 0.0004396 0.0018387 0.0018387 0.0004396 0.0033233 0.0000000 0.0023146 0.0013535 0.0018365 0.0023097 0.0018342 0.0027905 0.0018343 0.0023392 0.0028182 0.0018319 0.0013502 0.0027905 0.0013536 0.0019210 0.0018177 0.0018362 0.0027964 0.0018177 0.0032829 0.0018177 0.0018385 0.0013538 0.0034416 0.0013381 0.0038211 0.0013688 0.0013688 0.0027637 0.0028241 0.0013502 0.0013502 0.0017975 0.0023121 0.0052921 0.0013536 0.0018366 0.0018343 0.0023392 0.0018577 0.0018556 0.0013654 0.0027964 0.0028182 0.0028271 0.0008949 0.0028213 0.0013535 0.0033552 0.0013686 0.0023122 0.0004441 0.0028558 0.0013686 0.0023343 0.0013536 0.0004396 0.0032829 0.0038211 0.0034416 0.0045434 0.0033143 0.0307941 0.0299793 0.0023148 0.0013654 0.0013502 0.0017975 0.0018156 0.0017975 0.0034586 0.0028556 0.0027931 0.0029019 0.0028298 0.0018177 0.0039577 0.0027964 0.0027964 0.0028644 0.0018319 0.0008859 0.0044278 0.0018342 0.0018342 0.0023097 0.0008950 0.0023097 0.0008951 0.0033552 0.0028553 0.0028556 0.0013652 0.0013654 0.0040096 0.0013535 0.0027964 0.0022879 0.0040072 0.0029809 0.0018573 0.0013380 0.0022881 0.0044278 0.0018342 0.0013507 0.0013502 0.0029466 0.0017977 0.0018387 0.0018599 0.0028213 0.0013502 
af_all_160-DW-DoM-5_h1geneonly   0.0033582 0.0033168 0.0028585 0.0033582 0.0028585 0.0023146 0.0023146 0.0013667 0.0008949 0.0008949 0.0023392 0.0033168 0.0013535 0.0013535 0.0023392 0.0023421 0.0028238 0.0033235 0.0018387 0.0027964 0.0027964 0.0013687 0.0013687 0.0018387 0.0049578 0.0023146 0.0000000 0.0008949 0.0013669 0.0028585 0.0013652 0.0033578 0.0033578 0.0018573 0.0033934 0.0033548 0.0028238 0.0033578 0.0028300 0.0024159 0.0013534 0.0013667 0.0043788 0.0013534 0.0038692 0.0013534 0.0023144 0.0028303 0.0040627 0.0018387 0.0044365 0.0018387 0.0018387 0.0033235 0.0034001 0.0028238 0.0028238 0.0023146 0.0018362 0.0047332 0.0028300 0.0033620 0.0033578 0.0018573 0.0023393 0.0023367 0.0038627 0.0033644 0.0033934 0.0023392 0.0022876 0.0044276 0.0018177 0.0039611 0.0018383 0.0028617 0.0018177 0.0044865 0.0018383 0.0039095 0.0028300 0.0018387 0.0038692 0.0044365 0.0040627 0.0052149 0.0039095 0.0316139 0.0324425 0.0038697 0.0038627 0.0028238 0.0023146 0.0023393 0.0023146 0.0040806 0.0023619 0.0023115 0.0034938 0.0023417 0.0004441 0.0045979 0.0033644 0.0033644 0.0033642 0.0033548 0.0023148 0.0050849 0.0013652 0.0013652 0.0028585 0.0033233 0.0038627 0.0033235 0.0050160 0.0023616 0.0023619 0.0018340 0.0028585 0.0046610 0.0018177 0.0043788 0.0028298 0.0046593 0.0046783 0.0023389 0.0027960 0.0028300 0.0050849 0.0013652 0.0028247 0.0028238 0.0035494 0.0023148 0.0004396 0.0023418 0.0044276 0.0028238 
af_all_160-DW-DoM-5_h2geneonly   0.0023370 0.0023095 0.0028241 0.0023370 0.0028241 0.0022879 0.0022879 0.0013516 0.0008857 0.0008857 0.0013668 0.0023095 0.0004396 0.0004396 0.0013668 0.0023148 0.0027903 0.0023148 0.0018179 0.0018179 0.0018179 0.0013535 0.0013535 0.0008950 0.0038694 0.0013535 0.0008949 0.0000000 0.0013518 0.0028241 0.0013501 0.0033168 0.0033168 0.0018361 0.0033514 0.0033138 0.0027903 0.0033168 0.0018387 0.0014149 0.0013379 0.0013516 0.0033233 0.0013379 0.0038211 0.0013379 0.0013535 0.0018389 0.0040093 0.0018179 0.0043785 0.0008950 0.0008950 0.0032833 0.0033580 0.0027903 0.0027903 0.0022879 0.0018155 0.0046677 0.0027964 0.0033208 0.0033168 0.0018361 0.0013669 0.0013654 0.0028241 0.0033233 0.0033514 0.0023119 0.0013379 0.0033552 0.0017974 0.0039093 0.0018176 0.0028273 0.0008857 0.0033974 0.0018176 0.0028558 0.0027964 0.0008950 0.0038211 0.0043785 0.0040093 0.0051433 0.0038603 0.0338008 0.0329613 0.0028301 0.0028241 0.0027903 0.0022879 0.0023121 0.0022879 0.0040269 0.0023341 0.0022849 0.0034484 0.0023144 0.0004396 0.0045366 0.0033233 0.0033233 0.0023418 0.0033138 0.0013537 0.0050163 0.0013501 0.0013501 0.0028241 0.0023147 0.0028241 0.0023148 0.0039093 0.0023338 0.0023341 0.0018133 0.0018556 0.0045979 0.0008857 0.0033233 0.0027962 0.0045961 0.0035467 0.0023117 0.0027633 0.0027964 0.0050163 0.0013501 0.0027911 0.0027903 0.0035035 0.0022882 0.0013535 0.0013687 0.0033552 0.0027903 
